8367068;25632293;5284368117;
8367068;5284368117;1110698247;
8367068;1110698247;1110698297;
8367068;1110698297;1110698276;
8367068;1110698276;4708512449;
8367068;4708512449;1110698268;
8367068;1110698268;4708512450;
8367068;4708512450;4708512441;
8367068;4708512441;4708512442;
8367068;4708512442;1110698273;
8367068;1110698273;2213493593;
8367068;2213493593;2250812461;
8367068;2250812461;2250812531;
8367068;2250812531;1788787056;
8367068;1788787056;4708512446;
8367069;137982795;25632284;
8367069;25632284;2749809980;
8367069;2749809980;25632285;
8367072;25632284;5284385981;
8367072;5284385981;5284385982;
8367092;1788787039;4685392611;
8367092;4685392611;1788787081;
8367092;1788787081;3148938210;
8367092;3148938210;353286182;
8367092;353286182;2397188711;
8367092;2397188711;1788787223;
8367092;1788787223;2250873416;
8367092;2250873416;129953505;
8367092;129953505;129953504;
8367093;5284368076;475396372;
8367093;475396372;129549662;
8367118;25632463;4488733074;
8367118;4488733074;4077112088;
8367118;4077112088;25632449;
8367153;25632450;4488733070;
8367153;4488733070;25632451;
8367153;25632451;5284368056;
8367153;5284368056;25632452;
8367153;25632452;25632453;
8367153;25632453;25632454;
8367154;25632449;4488733072;
8367154;4488733072;25632448;
8367154;25632448;4488733071;
8367154;4488733071;25632447;
8367155;353287405;452518418;
8367155;452518418;5065064565;
8367155;5065064565;126617351;
13265074;122452412;122452414;
13265074;122452414;4708552369;
13265074;4708552369;122452417;
13265074;122452417;5291597578;
13265074;5291597578;126634476;
13715388;126617351;126617352;
13715562;126617428;3897692254;
13715562;3897692254;126617430;
13716129;2363578534;5284320774;
13716129;5284320774;3897692240;
13716129;3897692240;5054999726;
13716129;5054999726;3897692238;
13716129;3897692238;126617433;
13716160;126617351;4492375940;
13716160;4492375940;2363578530;
13797599;128560448;4573825411;
13797599;4573825411;349907807;
13797599;349907807;4573825412;
13797599;4573825412;4573825413;
13797599;4573825413;4573825414;
13797599;4573825414;128560449;
13797599;128560449;5329555464;
13797599;5329555464;122452427;
13797599;122452427;126617428;
13797599;126617428;4685392624;
13797599;4685392624;4685392623;
13797599;4685392623;137993249;
13797599;137993249;1216789894;
13797599;1216789894;1216789883;
13797599;1216789883;473879871;
13797599;473879871;3897692212;
13797599;3897692212;4749945342;
13797599;4749945342;128560274;
13836474;501252472;501252465;
13836474;501252465;501252453;
13836474;501252453;501252447;
13836474;501252447;1209790928;
14329027;137994933;137994581;
14329062;137994655;137994933;
14329062;137994933;4685354796;
14329062;4685354796;137994720;
14329124;128560275;1422610110;
14329124;1422610110;4685392618;
14329124;4685392618;5291538826;
14329124;5291538826;474677934;
14332900;122452417;3191980461;
14332900;3191980461;2161007729;
14332900;2161007729;3191978442;
14332900;3191978442;126617352;
25700630;129552045;280197437;
30405504;335561064;335561055;
30417990;4612052759;428217533;
30417990;428217533;4773391850;
30417990;4773391850;138208399;
30417990;138208399;138208401;
30417990;138208401;5284452292;
30417990;5284452292;5284452293;
30417990;5284452293;3153341344;
30417990;3153341344;5284452294;
30417990;5284452294;5284452295;
30417990;5284452295;5284452296;
30417990;5284452296;5284452297;
30417990;5284452297;129953505;
30912862;343646655;343646660;
30912862;343646660;4492375939;
30912862;4492375939;2363578561;
30912862;2363578561;343646659;
30912863;343646660;5291836403;
30912863;5291836403;2363578584;
30912863;2363578584;343646661;
30912863;343646661;343646662;
30912869;5284320721;5284320520;
30912869;5284320520;3897692261;
30912869;3897692261;413564238;
30912869;413564238;4492375937;
30912869;4492375937;343646675;
30912869;343646675;4492375938;
30912869;4492375938;343646678;
30912941;138208872;474549120;
30912941;474549120;138209120;
30912941;138209120;4703910309;
30912941;4703910309;4703910308;
30912941;4703910308;474549060;
30912960;1216789894;1216789896;
30912960;1216789896;1216789885;
30912960;1216789885;1293997462;
31396393;122452425;3897692256;
31396393;3897692256;126617430;
31396444;1216789883;4749945340;
31396444;4749945340;349907698;
31396444;349907698;129548929;
31573198;129552048;5284368048;
31573198;5284368048;353287405;
34597437;353287405;3148917487;
34597437;3148917487;5284368049;
34597437;5284368049;501225889;
34597437;501225889;137996370;
34597437;137996370;25632447;
34607492;25620653;4685392600;
34607492;4685392600;4685392598;
34607492;4685392598;1110698280;
34607492;1110698280;2896394657;
34607492;2896394657;4685392597;
34607492;4685392597;452682295;
34607492;452682295;452682297;
34607518;25620653;25620570;
34607518;25620570;1106006327;
34607518;1106006327;2893389981;
34607518;2893389981;25620759;
34607518;25620759;2246086928;
34607518;2246086928;2246054719;
34607518;2246054719;25620737;
34607518;25620737;25620947;
34607518;25620947;3388020773;
34607518;3388020773;3388020769;
34607518;3388020769;25620960;
34607524;4708512440;1110698299;
34607524;1110698299;4708512451;
34607524;4708512451;1110698273;
34613951;138197779;5284320512;
34613951;5284320512;5310412084;
34613951;5310412084;138198392;
34613951;138198392;5284320510;
34613951;5284320510;5284320511;
34613951;5284320511;452518414;
34613951;452518414;138198390;
34613951;138198390;5310412085;
34613951;5310412085;452518418;
34614000;138198390;126617352;
34627575;137982073;1419645378;
34627575;1419645378;5494270496;
34627575;5494270496;137982795;
34653072;1788787124;501252472;
34653072;501252472;280197437;
34653072;280197437;1788787593;
34653072;1788787593;137992808;
34683151;25632361;4612022471;
34683151;4612022471;1684865555;
34683151;1684865555;4612022470;
34683151;4612022470;25632364;
34683151;25632364;5284385976;
34683151;5284385976;4612022469;
34683151;4612022469;5494270820;
34683151;5494270820;5494270822;
34683151;5494270822;5284385977;
34683151;5284385977;137982073;
34772371;129548930;5291598309;
34772371;5291598309;349907649;
34772371;349907649;5291598310;
34772371;5291598310;129548929;
34772371;129548929;5291598311;
34772371;5291598311;5291598312;
34772371;5291598312;473873465;
34772371;473873465;5291598313;
34772371;5291598313;129548927;
34772371;129548927;1209790928;
34772371;1209790928;25632375;
34988345;474677934;5291538827;
34988345;5291538827;5291542298;
34988345;5291542298;4685392617;
34988345;4685392617;1788787115;
34988345;1788787115;5291538831;
34988345;5291538831;1788787039;
35111843;25632450;25632447;
35203542;1788787124;129550139;
36836258;428217533;4773391849;
36836258;4773391849;4749945328;
36836258;4749945328;428217535;
36836258;428217535;4749945327;
36836258;4749945327;1216789880;
36836258;1216789880;4749945326;
36836258;4749945326;428217536;
36836258;428217536;4737122504;
36836258;4737122504;4737122503;
36836258;4737122503;4773391847;
36836258;4773391847;428217537;
36836258;428217537;4773391848;
36836258;4773391848;4749945321;
36836258;4749945321;428217538;
36836258;428217538;4749945324;
36836258;4749945324;428217539;
36836258;428217539;4749945325;
36836258;4749945325;1216789889;
36836258;1216789889;4749945322;
36836258;4749945322;428217540;
38336627;452682212;5284368058;
38336627;5284368058;4685392186;
38336627;4685392186;5284368059;
38336627;5284368059;4685392185;
38336627;4685392185;4685392187;
38336627;4685392187;5284368060;
38336627;5284368060;2941001650;
38336627;2941001650;4685392188;
38336627;4685392188;452682218;
38336627;452682218;452682221;
38336627;452682221;2941001644;
38336627;2941001644;452682225;
38336627;452682225;452682227;
38336627;452682227;452682230;
38336627;452682230;452682234;
38336627;452682234;452682238;
38336627;452682238;452682240;
38336627;452682240;2939688592;
38336627;2939688592;2940931378;
38336627;2940931378;2940931372;
38336633;137992808;137994720;
38336633;137994720;137992807;
38336634;25632446;3092699110;
38336634;3092699110;5284368065;
38336634;5284368065;1110698256;
38336634;1110698256;1887601134;
38336634;1887601134;5284368066;
38336634;5284368066;25632454;
38336634;25632454;129550851;
38336634;129550851;1110698243;
38336635;1110698255;1110698259;
38336638;452682300;2912181005;
38336638;2912181005;1110698285;
38336638;1110698285;2912182796;
38336638;2912182796;1110698265;
38336639;452682304;5291598315;
38336639;5291598315;1110698254;
38336639;1110698254;5291598316;
38336639;5291598316;1110698245;
38336639;1110698245;5291598317;
38336639;5291598317;452682256;
38336641;129552046;4488733042;
38336641;4488733042;129552045;
38336641;129552045;2202026261;
38336641;2202026261;501252536;
38336641;501252536;129552044;
38336644;1788787039;4685392607;
39507992;137994655;5268162903;
39507992;5268162903;4488733039;
39507992;4488733039;4488733040;
39507992;4488733040;473240004;
39507992;473240004;4488733041;
39507992;4488733041;4488733038;
39507992;4488733038;4685354799;
39507992;4685354799;4685354798;
39507992;4685354798;473240005;
39507992;473240005;4685354797;
39507992;4685354797;4685354800;
39549792;137993129;4488733056;
39549792;4488733056;473873457;
39549792;473873457;1887601111;
39549792;1887601111;473873458;
39549792;473873458;4488733055;
39549792;4488733055;1887601117;
39549792;1887601117;473873459;
39549792;473873459;4488733054;
39549792;4488733054;1887601140;
39549792;1887601140;473873460;
39549792;473873460;4488733053;
39549792;4488733053;473873461;
39549792;473873461;473873462;
39549792;473873462;473873463;
39549792;473873463;473873464;
39549792;473873464;473873465;
39549879;473240006;5268162904;
39549879;5268162904;137992807;
39549900;128560275;473874237;
39549900;473874237;473877733;
39549900;473877733;473874239;
39549900;473874239;473874242;
39549900;473874242;2397460873;
39549900;2397460873;2397460874;
39549954;473877733;473877734;
39549954;473877734;473877735;
39549954;473877735;473877736;
39549954;473877736;473877737;
39549954;473877737;1293997461;
39549954;1293997461;1293997458;
39549954;1293997458;1293997463;
39549954;1293997463;1293997462;
39549961;473874237;473878705;
39549961;473878705;473878708;
39549973;473879871;473879878;
39549973;473879878;473880555;
39549973;473880555;473879884;
39549973;473879884;473882628;
39549973;473882628;473879887;
39549982;473880555;473882633;
39550749;3897692246;4488733057;
39550749;4488733057;137993129;
39586894;474544834;474541524;
39586894;474541524;5284395797;
39586894;5284395797;474541522;
39586894;474541522;5284395796;
39586894;5284395796;4749945333;
39586894;4749945333;5284395795;
39586894;5284395795;474541520;
39586894;474541520;5284395798;
39586894;5284395798;5284395800;
39586894;5284395800;5284395801;
39586894;5284395801;474541515;
39586894;474541515;5284395799;
39586894;5284395799;474541511;
39586894;474541511;5284395802;
39586894;5284395802;5284395803;
39586894;5284395803;474541506;
39586894;474541506;5284395804;
39586894;5284395804;5284395805;
39586894;5284395805;474541505;
39586894;474541505;474541503;
39586894;474541503;474541502;
39586894;474541502;4703910295;
39586894;4703910295;5284395806;
39586894;5284395806;474541501;
39586894;474541501;474541500;
39586894;474541500;4703910292;
39586894;4703910292;5284395807;
39586894;5284395807;4703910291;
39586894;4703910291;474541486;
39586894;474541486;474541483;
39586911;474543238;474541515;
39586944;474544834;3103762794;
39586944;3103762794;474544829;
39586944;474544829;474544824;
39586944;474544824;3396198845;
39586944;3396198845;474544821;
39586944;474544821;474544818;
39586944;474544818;474544816;
39586944;474544816;475073406;
39586944;475073406;3147589758;
39586944;3147589758;475073403;
39586944;475073403;5284452302;
39586944;5284452302;475352608;
39587009;474544834;474546970;
39587009;474546970;5284395794;
39587009;5284395794;5284395793;
39587009;5284395793;474543238;
39587009;474543238;474546975;
39587067;474549060;4703910307;
39587067;4703910307;4703910306;
39587067;4703910306;474549070;
39587067;474549070;474549073;
39587067;474549073;474549075;
39587067;474549075;474549077;
39587067;474549077;4749945332;
39587067;4749945332;474549081;
39587067;474549081;474549084;
39587108;474549084;474551135;
39587108;474551135;4703910298;
39587108;4703910298;4703910299;
39587108;4703910299;5284395792;
39587108;5284395792;474546975;
39587490;474552495;474552497;
39587490;474552497;474552500;
39587490;474552500;474552505;
39587490;474552505;5284395787;
39587490;5284395787;5284395786;
39587490;5284395786;5284395788;
39587490;5284395788;474552506;
39587490;474552506;474552508;
39587490;474552508;3140385690;
39587490;3140385690;3652922413;
39587490;3652922413;5284395789;
39587490;5284395789;5284395790;
39587490;5284395790;474549084;
39588456;474541501;4703910293;
39588456;4703910293;4703910294;
39588456;4703910294;474553709;
39588456;474553709;3140385691;
39590128;474546987;4703910303;
39590128;4703910303;4703910304;
39590128;4703910304;474556624;
39590128;474556624;4703910302;
39590128;4703910302;4703910301;
39590128;4703910301;474551135;
39590262;343646851;3162256074;
39590262;3162256074;474559375;
39597607;474677888;474676251;
39597607;474676251;474676250;
39597607;474676250;474676249;
39597607;474676249;474676248;
39597607;474676248;474676247;
39597607;474676247;474676246;
39597607;474676246;474676245;
39597607;474676245;3147163296;
39597607;3147163296;474676244;
39597607;474676244;474676243;
39597607;474676243;474676242;
39597607;474676242;474676241;
39597607;474676241;474676238;
39597692;474677888;343646841;
39597692;343646841;474677891;
39597692;474677891;474677896;
39597692;474677896;4749945338;
39597692;4749945338;474677899;
39597692;474677899;4749945339;
39597692;4749945339;474677900;
39597692;474677900;474677902;
39597692;474677902;474677907;
39597692;474677907;2397188712;
39597779;474676238;3158294363;
39597779;3158294363;343646851;
39597832;474677888;474681706;
39597832;474681706;3103770912;
39597832;3103770912;474681707;
39597832;474681707;474681709;
39597960;474683172;3149497579;
39597960;3149497579;474683167;
39598055;474681726;474685694;
39598055;474685694;474685697;
39598055;474685697;474685700;
39598055;474685700;474685704;
39598055;474685704;474685708;
39598055;474685708;474546985;
39598458;474691703;474690461;
39598458;474690461;474691694;
39598458;474691694;474691686;
39598589;474546948;1107381206;
39598589;1107381206;474694139;
39598589;474694139;1105911801;
39598605;474789325;474694632;
39598605;474694632;1107381193;
39598605;1107381193;474695395;
39598605;474695395;474694626;
39598629;474695389;3117018924;
39598629;3117018924;474695400;
39598629;474695400;1107381212;
39598629;1107381212;1216466401;
39598629;1216466401;474695427;
39598714;474697403;474697404;
39598714;474697404;1107381207;
39598714;1107381207;4457851565;
39598714;4457851565;474697405;
39609163;122452429;474802735;
39609163;474802735;2585545686;
39609163;2585545686;1216466398;
39609163;1216466398;474802741;
39609163;474802741;474802745;
39609163;474802745;4457851538;
39609163;4457851538;474802746;
39609163;474802746;4457851539;
39609163;4457851539;474802747;
39609163;474802747;4457851537;
39631697;474385800;475044410;
39632852;475050311;5494270838;
39632852;5494270838;4612022450;
39632852;4612022450;475064049;
39632852;475064049;475064050;
39632852;475064050;475064052;
39632852;475064052;475064054;
39632852;475064054;5494270592;
39632852;5494270592;137982073;
39633344;475073406;475073423;
39633344;475073423;2397188710;
39633344;2397188710;3148938215;
39633344;3148938215;3148938224;
39633589;474802735;1216466336;
39633790;475080479;1110673577;
39633790;1110673577;475081804;
39633790;475081804;475080487;
39633790;475080487;475080491;
39633790;475080491;474682657;
39633834;475081801;475081804;
39633884;474676240;475082788;
39633884;475082788;475082790;
39633884;475082790;475082792;
39633884;475082792;475082794;
39633884;475082794;475082796;
39633884;475082796;475082799;
39650114;474728398;1107381207;
39650114;1107381207;475328014;
39650114;475328014;475329138;
39650114;475329138;3117018924;
39650114;3117018924;474695395;
39650163;475328017;475328014;
39650208;475329138;475329142;
39653580;1143317949;475352608;
39653923;474677911;1788787713;
39653923;1788787713;475354599;
39653923;475354599;2397188723;
39653923;2397188723;475354371;
39653923;475354371;475354682;
39653923;475354682;475354369;
39653923;475354369;475353910;
39653956;475353910;475354600;
39653956;475354600;475354599;
39653971;475354600;475354682;
39657916;475392102;475392099;
39657990;475394841;4685392619;
39657990;4685392619;4685392620;
39657990;4685392620;128560274;
39657991;475394859;475392102;
39657991;475392102;5291538861;
39657991;5291538861;4488733059;
39657991;4488733059;5291538862;
39657991;5291538862;4488733058;
39657991;4488733058;5291538863;
39657991;5291538863;4488733060;
39657991;4488733060;5291538864;
39657991;5291538864;475394871;
39657991;475394871;5291538860;
39657991;5291538860;1422610108;
39657991;1422610108;4488733061;
39657991;4488733061;4685392622;
39657991;4685392622;475394841;
41097165;129552512;501225723;
41097165;501225723;501225720;
41097165;501225720;4488733045;
41097165;4488733045;501225717;
41097165;501225717;501225713;
41097165;501225713;501225708;
41097166;501225739;501225743;
41097166;501225743;501225746;
41097166;501225746;4685354806;
41097166;4685354806;501225749;
41097166;501225749;501225754;
41097166;501225754;129552512;
41097167;501225766;5268162907;
41097167;5268162907;1107381202;
41097167;1107381202;501225783;
41097167;501225783;4488733043;
41097168;501225800;501225803;
41097168;501225803;501225807;
41097168;501225807;501225811;
41097169;501225807;1107381202;
41097169;1107381202;1788787195;
41097170;501225889;501225920;
41097170;501225920;501225739;
41097754;501252536;501252542;
41097754;501252542;501252546;
41097754;501252546;501252551;
41097754;501252551;4488733046;
41097755;501252596;501252601;
41097755;501252601;501252606;
41097758;501252622;501252606;
41097758;501252606;501252476;
41738246;513921171;5268149604;
41738246;5268149604;4492375935;
41738246;4492375935;513921184;
41738246;513921184;5268149603;
41738246;5268149603;513921193;
41738246;513921193;4492375934;
41738246;4492375934;513921201;
41738246;513921201;4492375936;
41738246;4492375936;513921229;
41738246;513921229;5268149594;
41738246;5268149594;5268149591;
41738246;5268149591;513921213;
51228956;474385797;474385798;
51228956;474385798;474385800;
51228956;474385800;4703910365;
51228956;4703910365;474385801;
51228956;474385801;4703910364;
51228956;4703910364;4703910363;
51228956;4703910363;474385803;
51228956;474385803;4703910362;
51228956;4703910362;138209120;
59525260;137982795;5494270495;
59525260;5494270495;5284385982;
59525260;5284385982;5284385983;
59525260;5284385983;3446686441;
59525260;3446686441;1684865554;
59525260;1684865554;3446686443;
59525260;3446686443;25632278;
59525260;25632278;25632279;
59525260;25632279;5284385984;
59525260;5284385984;25632225;
60461087;129552046;137994655;
60461087;137994655;4488733080;
60461087;4488733080;129552048;
60461092;126617433;5284320775;
60461092;5284320775;5291542300;
60461092;5291542300;129552048;
95843585;452682270;2912153172;
95843585;2912153172;452682300;
95843585;452682300;452682286;
95843586;1110698255;5284368070;
95843586;5284368070;452682282;
100862814;137992807;3896082252;
100862814;3896082252;1165603961;
100862815;1165603961;1165604086;
105637466;343646831;4612063040;
105637466;4612063040;3157212422;
105637466;3157212422;475080479;
105637466;475080479;1143316554;
105637466;1143316554;475082796;
128133836;129953504;475360049;
128133836;475360049;5494270947;
128133836;5494270947;475360047;
128133836;475360047;4612031731;
128133836;4612031731;475360045;
128133836;475360045;4612031732;
128133836;4612031732;475360043;
128133836;475360043;475360041;
128133836;475360041;475360039;
128133836;475360039;1416641674;
128133836;1416641674;475049092;
128246658;475064052;4612022402;
128246658;4612022402;5284385979;
128246658;5284385979;1417693657;
128246658;1417693657;4612022403;
128246658;4612022403;1417693658;
128246659;137982073;4612022404;
128246659;4612022404;1417693658;
128246660;1417693658;335561055;
128246660;335561055;129953504;
128463453;4612022469;1419645372;
128463453;1419645372;1419645375;
128463453;1419645375;1422567181;
128463453;1422567181;1419645378;
128463454;1419645372;5445827135;
128463454;5445827135;1419645369;
128463454;1419645369;5445827132;
128463454;5445827132;5445827133;
128463454;5445827133;1419645367;
128463454;1419645367;1419645371;
128463454;1419645371;5445827136;
128463454;5445827136;5445827134;
128463454;5445827134;1419645374;
128463454;1419645374;5445827122;
128463454;5445827122;5445827121;
128463454;5445827121;1419645377;
128825641;25632366;5284385992;
128825641;5284385992;25632292;
128825641;25632292;1110698257;
128825641;1110698257;5054999102;
128825641;5054999102;25632293;
128828529;1422610108;1422610110;
128828725;4685392593;2939568423;
128828725;2939568423;2939568411;
128828725;2939568411;2939566888;
128828725;2939566888;2939568422;
128828725;2939568422;2939568421;
128828725;2939568421;2939568408;
128828725;2939568408;2939568407;
128828725;2939568407;2939568418;
128828725;2939568418;2939566892;
128828725;2939566892;2939566889;
128828725;2939566889;2939566885;
128828725;2939566885;2939566891;
128828725;2939566891;1422611542;
167487379;1788787242;2250873416;
167487380;1788787223;5284452308;
167487380;5284452308;5284452303;
167487380;5284452303;1788787242;
167487451;1788787262;1788787319;
167487490;474677919;1788787340;
167487490;1788787340;1788787287;
167487492;1788787115;5291538828;
167487492;5291538828;5291538829;
167487492;5291538829;4685392616;
167487492;4685392616;1788787104;
167487492;1788787104;5291538830;
167487492;5291538830;4685392615;
167487492;4685392615;1788787081;
167487535;1788787287;1788787262;
167487535;1788787262;1788787260;
167487535;1788787260;1788787299;
167487535;1788787299;1788787319;
167487535;1788787319;1788787340;
171944850;1209790928;5291598314;
171944850;5291598314;1829027319;
171944850;1829027319;1829027320;
171944850;1829027320;1829027321;
171944850;1829027321;1829027322;
171944850;1829027322;1422611556;
171944850;1422611556;4488733052;
171944850;4488733052;1422611558;
171944850;1422611558;4488733051;
171944850;4488733051;475396375;
171944850;475396375;475396373;
171944850;475396373;475396372;
174689855;452682282;1110698283;
174689855;1110698283;1110698277;
174689855;1110698277;5284368069;
174689855;5284368069;1110698265;
174689856;1110698267;3694908966;
174689856;3694908966;25632445;
174689856;25632445;25632414;
178413104;1887601114;1887601133;
178413106;474682657;474683172;
178413108;1110698267;25632446;
198514517;2086430194;2086430189;
198514517;2086430189;2086430192;
206100515;2161007712;2161007722;
206100515;2161007722;2161007726;
206100515;2161007726;2161007724;
206100515;2161007724;2161007716;
206100515;2161007716;2161007731;
206100515;2161007731;2161007717;
206100515;2161007717;2161007727;
206100515;2161007727;2161007730;
206100515;2161007730;2161007720;
206100515;2161007720;2161007729;
206544631;2165604353;2165604357;
206544631;2165604357;3147563235;
206544631;3147563235;3103787337;
206544631;3103787337;2165604359;
210669782;4685392598;1110698255;
210669783;452682297;2912153176;
210669783;2912153176;452682270;
210670986;129549662;5291538837;
210670986;5291538837;5291538835;
210670986;5291538835;5291538836;
210670986;5291538836;5291538838;
210670986;5291538838;475394859;
210670987;1788787124;25632375;
210670988;137994583;5291538858;
210670988;5291538858;5291538857;
210670988;5291538857;5291538856;
210670988;5291538856;5291538850;
210670988;5291538850;5291538839;
210670988;5291538839;475394859;
210670990;128560274;5291538824;
210670990;5291538824;5291538825;
210670990;5291538825;128560275;
210673563;1110698265;4685392596;
210673563;4685392596;4685392593;
210673563;4685392593;452682212;
210673563;452682212;5284368061;
210673563;5284368061;4685392590;
210673563;4685392590;5284368067;
210673563;5284368067;3092699113;
210673563;3092699113;2940944907;
210673563;2940944907;1110698261;
210673563;1110698261;5284368064;
210673563;5284368064;1110698267;
211342284;1788787061;4685392614;
211342284;4685392614;4685392613;
211342284;4685392613;1788787075;
211342284;1788787075;4685392612;
211342284;4685392612;1788787039;
211342286;1788787056;5291538833;
211342286;5291538833;5291538832;
211342286;5291538832;5291538834;
211342286;5291538834;5284368076;
212708374;1165604086;3896082259;
212708374;3896082259;138205502;
212708374;138205502;425725651;
212708374;425725651;138205500;
212708374;138205500;343646649;
212710690;343634646;343646672;
212710690;343646672;343646662;
212710690;343646662;343646675;
212710690;343646675;299575944;
215611423;2250873416;5284452304;
215611423;5284452304;5284452305;
215611423;5284452305;5284452306;
215611423;5284452306;2250873409;
215611423;2250873409;5284452307;
215611423;5284452307;2250873413;
215611423;2250873413;2250873401;
215611423;2250873401;25632284;
219536349;2086430192;2086430191;
219536349;2086430191;2086430190;
219536349;2086430190;2086430193;
219536349;2086430193;2086430192;
219536350;2086430194;452682258;
219536350;452682258;5291598318;
219536350;5291598318;452682261;
219536350;452682261;1788787124;
220233689;452682286;452682274;
220233689;452682274;452682277;
220233689;452682277;452682253;
220233689;452682253;452682256;
220233689;452682256;2086430194;
220233692;1110698243;5284368068;
220233692;5284368068;452682282;
228569801;129548930;5291598308;
228569801;5291598308;3897692232;
228569801;3897692232;349907698;
228569801;349907698;137994583;
231325189;2397188712;3140319385;
231325191;475354599;5284452312;
231325191;5284452312;2397188726;
231325191;2397188726;2397188718;
231325191;2397188718;2397188719;
231325191;2397188719;5284452310;
231325193;2397188723;2397188706;
231325193;2397188706;5284452311;
231325193;5284452311;2397188707;
231325193;2397188707;2397188727;
231325193;2397188727;2397188717;
252525262;2585545679;4685339984;
252525262;4685339984;4685339985;
252525262;4685339985;4685339986;
252525262;4685339986;129548931;
252525262;129548931;5291598307;
252525262;5291598307;2585545688;
252525262;2585545688;122452425;
252526950;25632449;5268178124;
252526950;5268178124;25632425;
252526950;25632425;2829209600;
252526950;2829209600;25632413;
252526950;25632413;5268178125;
252526950;5268178125;4488753661;
252526950;4488753661;4356494326;
252526950;4356494326;25632411;
252526954;25632447;25632446;
252527740;25632423;25632426;
252527740;25632426;411909880;
252527740;411909880;4077112087;
252527740;4077112087;25632463;
269856842;2749809974;2749809975;
269856842;2749809975;2749809976;
269856842;2749809976;2749809977;
269856842;2749809977;2749809978;
269856842;2749809978;2749809981;
269856842;2749809981;2749809979;
269856842;2749809979;2749809980;
286005192;2896394650;3392711363;
286005192;3392711363;2896394657;
287648368;2912181005;2912181002;
287648368;2912181002;2912181007;
287648368;2912181007;2912181001;
287648368;2912181001;2912181006;
287648368;2912181006;3392939998;
287648368;3392939998;2912181003;
287648784;2912182800;3392939997;
287648784;3392939997;2912182795;
287648784;2912182795;2912182799;
287648784;2912182799;2912182798;
287648784;2912182798;2912182797;
287648784;2912182797;2912182796;
290580549;2940944686;2940944903;
290580549;2940944903;2940944907;
304688481;25632454;5284368057;
304688481;5284368057;3092699099;
304688481;3092699099;4685392590;
304688481;4685392590;5284368063;
304688481;5284368063;3092699111;
304688481;3092699111;4685392589;
304688481;4685392589;2940956814;
304688481;2940956814;5284368062;
304688481;5284368062;452682218;
304688482;2940944695;3092699113;
304688482;3092699113;1887601134;
305708885;3103787350;3103770912;
306780233;474549120;4703910312;
306780233;4703910312;474549115;
306780233;474549115;4703910311;
306780233;4703910311;4703910310;
306780233;4703910310;474549111;
306780233;474549111;474549109;
306780233;474549109;474549107;
306780233;474549107;4749945331;
306780233;4749945331;474549103;
306780233;474549103;4749945330;
306780233;4749945330;3140393452;
306780233;3140393452;474549101;
306780233;474549101;4749945329;
306780233;4749945329;3652922413;
306780234;474546975;474546977;
306780234;474546977;474546980;
306780234;474546980;5284395791;
306780234;5284395791;474546983;
306780234;474546983;474546985;
306780234;474546985;474546987;
306780234;474546987;126617427;
306780234;126617427;474546948;
306780458;137992807;137993129;
306780458;137993129;129548930;
306780458;129548930;4505230740;
306780458;4505230740;137993249;
307088020;3121467180;3121467182;
307088020;3121467182;3121467183;
307088020;3121467183;3121467181;
307090815;1293997462;343646840;
307090815;343646840;1216789882;
307090815;1216789882;343646841;
307126889;474676250;474681706;
308766174;3140319385;2397188714;
308766174;2397188714;2397188709;
308766174;2397188709;5284452309;
308766174;5284452309;2397188722;
308766174;2397188722;2397188716;
308766174;2397188716;2397188730;
308766174;2397188730;2397188731;
308766174;2397188731;2397188728;
308766174;2397188728;5284452310;
308766174;5284452310;2397188717;
308766174;2397188717;2397188708;
308766174;2397188708;2397188721;
308766174;2397188721;2397188720;
308769686;474544816;3140361000;
308769686;3140361000;3140361001;
308769686;3140361001;3152670753;
308769686;3152670753;3140361002;
308769686;3140361002;3140361003;
308771430;3140385691;3140385688;
308771430;3140385688;3140385689;
308771430;3140385689;5284395784;
308771430;5284395784;5284395785;
308771430;5284395785;3140385690;
308771431;3140385691;474553711;
308771431;474553711;5284395783;
308771431;5284395783;474553712;
308771431;474553712;474553713;
308771431;474553713;4703910296;
308771431;4703910296;5284395779;
308771431;5284395779;5284395780;
308771431;5284395780;474553715;
308771431;474553715;474553716;
308771431;474553716;5284395781;
308771431;5284395781;474553717;
308771431;474553717;5284395782;
308771431;5284395782;4703910297;
308771431;4703910297;4703910299;
308771715;3140393452;3140393453;
308771715;3140393453;3140393454;
309387164;3147163296;3147163297;
309425930;3147589758;3147589762;
309425930;3147589762;3147589759;
309425930;3147589759;3147589760;
309425930;3147589760;3147589761;
309425930;3147589761;3147589762;
309548445;3148917487;3148917491;
309548445;3148917491;3148917488;
309548445;3148917488;3148917489;
309548445;3148917489;3148917490;
309550975;3148938210;3148938214;
309550975;3148938214;3148938211;
309550975;3148938211;3148938212;
309550975;3148938212;3148938213;
309550975;3148938213;3148938222;
309550976;3148938224;475073428;
309550976;475073428;3148938216;
309550976;3148938216;3148938217;
309550976;3148938217;3148938218;
309550976;3148938218;3148938219;
309550976;3148938219;5284452313;
309550976;5284452313;5284452314;
309550976;5284452314;3148938220;
309550976;3148938220;3148938221;
309550976;3148938221;3148938222;
309550976;3148938222;3148938223;
309550976;3148938223;475073428;
309609103;3149449339;3396198945;
309609103;3396198945;3149449341;
309609103;3149449341;3149497586;
309609103;3149497586;3149449340;
309609104;3149449341;3147563234;
309609105;3147563234;3149449342;
309609105;3149449342;3149449343;
309609105;3149449343;3149449344;
309609105;3149449344;3151883335;
309609105;3151883335;3149449345;
309609105;3149449345;3149449346;
309609105;3149449346;3151883336;
309613709;3149497574;3149497576;
309613709;3149497576;3149497584;
309613709;3149497584;3149497575;
309613710;474682647;3396198969;
309613710;3396198969;3149497582;
309613710;3149497582;3149497578;
309613711;3149497579;3396198979;
309613711;3396198979;3149497581;
309613711;3149497581;3149497580;
309613712;3149497581;3149497582;
309613712;3149497582;3149497583;
309613712;3149497583;3149497584;
309613712;3149497584;3149497585;
309613712;3149497585;3149497586;
309850502;3396198845;3151894353;
309850502;3151894353;3151894354;
309850504;3151894358;3151894360;
309850504;3151894360;3151894359;
309850505;3151894360;3151895461;
309850506;474544824;3151895462;
309850506;3151895462;3151895463;
309850506;3151895463;3151895464;
309850506;3151895464;3151895465;
309850506;3151895465;3151895466;
309945301;474541524;3152793551;
309945301;3152793551;3152794979;
309945301;3152794979;3152793555;
309945301;3152793555;3152794980;
309945301;3152794980;3152794981;
309945301;3152794981;3152794982;
309946468;3152805767;3152805768;
309946468;3152805768;3152805769;
309946468;3152805769;3152805777;
309946468;3152805777;3152805770;
309946468;3152805770;3152805771;
309946468;3152805771;3152805772;
309946468;3152805772;3152805773;
309946468;3152805773;3152805774;
309946469;3152805766;3152805775;
309946469;3152805775;3152805778;
309946469;3152805778;3152805776;
309946469;3152805776;3152805777;
309946470;3152805778;3152805779;
309946470;3152805779;3152805780;
309946471;3152805779;3152805781;
309983298;3153341344;3153341345;
309983298;3153341345;3396198846;
309983298;3396198846;3153341346;
309983298;3153341346;3153341347;
309983298;3153341347;3153341348;
309983298;3153341348;3153342963;
309983298;3153342963;3153342968;
309983298;3153342968;3153342965;
309983298;3153342965;3153341349;
309983298;3153341349;3153341350;
309983298;3153341350;3153341351;
309983298;3153341351;3153341352;
309983298;3153341352;3153341353;
309983298;3153341353;3153341354;
309983298;3153341354;3153341355;
309983298;3153341355;3153341356;
309983298;3153341356;3153341357;
309983298;3153341357;3153341358;
309983298;3153341358;3153341359;
309983298;3153341359;3153341360;
309983299;3153342961;3153342962;
309983299;3153342962;3153341347;
309983300;3153342963;3153342964;
309983301;3153342965;3153342966;
310304680;3157212422;3157212423;
310408556;3158291752;3158291753;
310408556;3158291753;3158291754;
310408556;3158291754;3158291755;
310408556;3158291755;3158291756;
310408556;3158291756;3158291757;
310408556;3158291757;3158291758;
310408556;3158291758;3158291759;
310408556;3158291759;3158291760;
310408556;3158291760;3158294361;
310408556;3158294361;3158291752;
310408556;3158291752;3158294362;
310408556;3158294362;3147570616;
310408556;3147570616;3158294363;
310746310;3162256068;3162256069;
310746310;3162256069;3162256070;
310746310;3162256070;3162256071;
310746310;3162256071;3162256072;
310746310;3162256072;3162256073;
310746311;3162256071;3162256074;
310786269;474676240;474676238;
310892311;3163927496;3163927502;
310892311;3163927502;3163927497;
310892312;3163927498;3163927497;
310892312;3163927497;3163927500;
310892312;3163927500;3163927499;
310892313;3163927500;3163927501;
318745009;475352608;5284452301;
318745009;5284452301;5284452300;
318745009;5284452300;475352085;
318745009;475352085;5284452299;
318745009;5284452299;475352084;
318745009;475352084;1788787242;
332479933;3396198846;3153361319;
386440344;3897692178;3897692185;
386440344;3897692185;475352608;
386690150;3900445951;3900445952;
388048416;138208397;4612052763;
388048416;4612052763;5284395813;
388048416;5284395813;4612052760;
388048416;4612052760;4612052761;
388048416;4612052761;4703906264;
388048416;4703906264;5284395814;
388048416;5284395814;4612052759;
388048416;4612052759;5284395812;
388048416;5284395812;1111353963;
388048416;1111353963;5284395811;
388048416;5284395811;4703906266;
388048416;4703906266;4703906267;
388048416;4703906267;474729164;
405520660;4077112087;5310412083;
405520660;5310412083;4077112090;
405520660;4077112090;5310412081;
405520660;5310412081;4077112092;
405520660;4077112092;5310412082;
405520660;5310412082;4077112088;
424745508;4488733076;4488733075;
424745508;4488733075;4241285267;
424745508;4241285267;4241285268;
434872537;129953504;455341194;
434872537;455341194;1417675671;
434872538;452682289;452682297;
434872539;25632375;452682304;
434872539;452682304;452682268;
434872539;452682268;5284368071;
434872539;5284368071;452682289;
434872540;1110698243;1110698272;
434872540;1110698272;452682285;
434872540;452682285;452682286;
434872540;452682286;452682289;
434872540;452682289;452682292;
434872540;452682292;1110698259;
434872540;1110698259;1110698250;
434872540;1110698250;4708512454;
434872540;4708512454;1110698278;
434872540;1110698278;4708512452;
434872540;4708512452;4708512440;
434872541;25632375;5284368076;
434879924;129953505;5284452298;
434879924;5284452298;335561064;
434879924;335561064;3897692092;
434879924;3897692092;137982795;
446857819;4440811616;4440811615;
446857820;4440811615;4440811617;
448195881;4452315940;474728395;
448195881;474728395;474701473;
448195881;474701473;474728398;
448195881;474728398;122452434;
448869504;2363578524;5291597581;
448869504;5291597581;5284320777;
448869504;5284320777;5065064563;
448869504;5065064563;126617351;
452072992;4488733043;4488733044;
452072993;4488733043;501225787;
452072994;4488733046;501252596;
452072994;501252596;501252500;
452072998;4488733049;4488733050;
452073000;501252472;1110691349;
452073000;1110691349;4685354805;
452073000;4685354805;4685354804;
452073000;4685354804;501252476;
452073000;501252476;4488733049;
452073000;4488733049;4685354803;
452073000;4685354803;501252495;
452073000;501252495;501252500;
452073000;501252500;129552044;
452073003;129552044;129550139;
452073003;129550139;4488733063;
452073003;4488733063;5291542299;
452073003;5291542299;4488733064;
452073003;4488733064;129550745;
452073003;129550745;4488733065;
452073003;4488733065;129550744;
452073003;129550744;501225708;
452073003;501225708;4488733066;
452073003;4488733066;129550851;
452073004;129552044;501225800;
452073004;501225800;501225766;
452073004;501225766;1887601114;
452073004;1887601114;5268162906;
452073004;5268162906;129552512;
452073007;501225739;1110690935;
452073007;1110690935;25632450;
452076898;137994583;5291538853;
452076898;5291538853;5291538852;
452076898;5291538852;5291538851;
452076898;5291538851;5291538854;
452076898;5291538854;5291538848;
452076898;5291538848;129548927;
452076898;129548927;137992808;
452076898;137992808;137994581;
452076898;137994581;129552046;
452076977;475392099;4488775694;
452076978;4488775694;4488775697;
452076978;4488775697;4488775695;
452076978;4488775695;4488775696;
452076978;4488775696;5494270498;
452076978;5494270498;4762419638;
453761206;126617427;474682657;
453761206;474682657;474683167;
453761206;474683167;475081801;
453761206;475081801;2165604353;
453761206;2165604353;475082799;
453761206;475082799;474676240;
453761206;474676240;343646851;
453761206;343646851;3162256073;
453761206;3162256073;3162256068;
453761206;3162256068;126617428;
453761207;126617430;3897692248;
453761207;3897692248;3897692242;
453761207;3897692242;129548930;
453761208;126617430;3897692246;
453761209;3897692246;3897692245;
453761209;3897692245;126617431;
453761210;137992807;3896082253;
453761210;3896082253;473240009;
453761210;473240009;126617431;
453761210;126617431;5291597588;
453761210;5291597588;1165603985;
453761210;1165603985;5291597589;
453761210;5291597589;1165604004;
453761210;1165604004;5291597590;
453761210;5291597590;1165604071;
453761210;1165604071;122452424;
453761210;122452424;3896082255;
453761210;3896082255;5291597591;
453761210;5291597591;5291597592;
453761210;5291597592;3896082258;
453761210;3896082258;1165604038;
453761210;1165604038;3896082259;
453761211;126617431;5268162905;
453761211;5268162905;3897692239;
453761211;3897692239;4685354794;
453761211;4685354794;4685354795;
453761211;4685354795;126617433;
453761213;126617433;2363578528;
453761690;5284320721;5284320747;
453761690;5284320747;5284320519;
453761690;5284320519;5284320778;
453761690;5284320778;3897692259;
453761690;3897692259;5284320515;
453761690;5284320515;2363578556;
453761690;2363578556;3897692257;
453761690;3897692257;4567794733;
453761690;4567794733;4612522510;
453761690;4612522510;2363578534;
453761690;2363578534;4569028558;
453761690;4569028558;5284320786;
453761690;5284320786;5054999727;
453761690;5054999727;4751793169;
453761690;4751793169;4569028557;
453761690;4569028557;5284320514;
453761690;5284320514;2363578528;
453761690;2363578528;2363578524;
453761690;2363578524;4751793170;
453761690;4751793170;4569028555;
453761690;4569028555;5284320513;
453761690;5284320513;2363578526;
453761690;2363578526;5065064557;
453761690;5065064557;4569028556;
453761690;4569028556;5284320776;
453761690;5284320776;5291597580;
453761690;5291597580;2363578530;
453761690;2363578530;2196549040;
453761690;2196549040;5284320516;
453761690;5284320516;3569468993;
453761690;3569468993;5284320517;
453761690;5284320517;4567794750;
453761690;4567794750;5291597579;
453761690;5291597579;5284320518;
453761690;5284320518;126634476;
453761690;126634476;299611700;
453761690;299611700;5284320721;
453762038;126617352;126617354;
453762039;25632463;4241285268;
453762039;4241285268;5268154586;
453762039;5268154586;138197779;
453762039;138197779;513921171;
453762039;513921171;513920936;
453762039;513920936;126617354;
453762039;126617354;402007436;
453762039;402007436;411842220;
453762039;411842220;122452414;
453762943;126600950;4749945209;
453762943;4749945209;3117707239;
453762943;3117707239;126600953;
453762943;126600953;126600955;
453762943;126600955;126600958;
453762943;126600958;1216466378;
453762943;1216466378;126600959;
453762943;126600959;474385797;
453762943;474385797;474549060;
453762943;474549060;126617427;
453762944;126600959;475044410;
453762944;475044410;138208872;
453762944;138208872;474552495;
453762944;474552495;474541483;
453762944;474541483;4612052766;
453762946;4440811616;126600959;
453762947;122452434;4440811616;
453762948;5284320721;5056483298;
453762948;5056483298;343646659;
453762948;343646659;122452424;
453762948;122452424;122452425;
453762948;122452425;122452427;
453762948;122452427;474559375;
453762948;474559375;122452429;
453762948;122452429;343646831;
453762948;343646831;4612063037;
453762948;4612063037;3163927496;
453762948;3163927496;4612063038;
453762948;4612063038;474691686;
453762948;474691686;474546948;
453762948;474546948;474694626;
453762948;474694626;474695389;
453762948;474695389;475329142;
453762948;475329142;475328017;
453762948;475328017;474697403;
453762948;474697403;122452434;
453762948;122452434;4505281863;
453762948;4505281863;4505281867;
453762948;4505281867;343646818;
456405100;474690456;5329555463;
456405100;5329555463;5329555461;
456405100;5329555461;5329555462;
456405100;5329555462;474690455;
456405100;474690455;2585539003;
456405100;2585539003;2585539002;
456405100;2585539002;1216466336;
456405100;1216466336;343646831;
466406690;3163927496;4612063033;
466406690;4612063033;4612063034;
466406690;4612063034;4612063039;
466406690;4612063039;4612063035;
466406690;4612063035;4612063036;
466406690;4612063036;4612063040;
466457054;4567794733;4612522530;
466457054;4612522530;4612522495;
466457054;4612522495;4612522496;
466457054;4612522496;4612522497;
466457054;4612522497;4612522498;
466457054;4612522498;4612522499;
466457054;4612522499;4612522500;
466457054;4612522500;4612522501;
466457054;4612522501;4612522502;
466457054;4612522502;4612522503;
466457054;4612522503;4612522504;
466457054;4612522504;4612522505;
466457054;4612522505;4612522506;
466457054;4612522506;4612522507;
466457054;4612522507;4612522508;
466457054;4612522508;4612522509;
466457054;4612522509;4612522529;
466457054;4612522529;4612522510;
482122892;474681722;4749945337;
482122892;4749945337;474681724;
482122892;474681724;4749945336;
482122892;4749945336;3103762792;
482122892;3103762792;474681726;
482122892;474681726;474681732;
482122892;474681732;3149449339;
482122892;3149449339;474681734;
482122892;474681734;3121467180;
482122892;3121467180;474681737;
482122892;474681737;3149497574;
482122892;3149497574;474681738;
482122892;474681738;474682647;
482122892;474682647;474683172;
482122893;474681709;474681711;
482122893;474681711;474681715;
482122893;474681715;474681718;
482122893;474681718;474681720;
482122893;474681720;474681722;
482122894;2397188712;474677911;
482122894;474677911;474677914;
482122894;474677914;474677917;
482122894;474677917;2397184730;
482122894;2397184730;474677919;
482122894;474677919;474677934;
482122896;4685354800;4685354801;
482122896;4685354801;473240006;
482122897;473240006;4488733077;
482122897;4488733077;3900445951;
482331424;4473312168;1541417335;
482331424;1541417335;5291836418;
482331424;5291836418;299575942;
482331424;299575942;773982486;
482331424;773982486;299610705;
482331424;299610705;3897692280;
482331424;3897692280;2295955853;
482331424;2295955853;299610700;
482331424;299610700;299575943;
482331424;299575943;416355034;
482331424;416355034;4492375941;
482331424;4492375941;299611716;
482331424;299611716;299611755;
482331424;299611755;299575944;
482331424;299575944;299611700;
483497792;4762419635;4762419636;
483497793;4762419637;4762419638;
483497794;4762419636;4762419637;
498298756;25632293;4685392602;
498298756;4685392602;1110698289;
498298756;1110698289;4685392604;
498298756;4685392604;4685392601;
498298756;4685392601;4685392603;
498298756;4685392603;1110698281;
498298756;1110698281;1110698269;
498298756;1110698269;5054992986;
498298756;5054992986;25620653;
498298757;4708512446;4708512443;
498298757;4708512443;4708512447;
498298757;4708512447;5284368074;
498298757;5284368074;4762419635;
498298757;4762419635;1788787061;
498298757;1788787061;4708512448;
498298757;4708512448;4685392610;
498298757;4685392610;1788787052;
498298757;1788787052;4685392609;
498298757;4685392609;5284369690;
498298757;5284369690;5284369689;
498298757;5284369689;5284369692;
498298757;5284369692;4685392608;
498298757;4685392608;5284369691;
498298757;5284369691;4685392607;
498298757;4685392607;5284368093;
498298757;5284368093;25632285;
498298757;25632285;4685392606;
498298757;4685392606;1110698264;
498298757;1110698264;5284368118;
498298757;5284368118;4685392605;
498298757;4685392605;25632293;
547650633;1422610102;475392099;
547650633;475392099;129549662;
547650634;129549662;5291538840;
547650634;5291538840;5291538841;
547650634;5291538841;5291538859;
547650634;5291538859;5291538842;
547650634;5291538842;5291538849;
547650634;5291538849;5291538843;
547650634;5291538843;5291538844;
547650634;5291538844;5291538845;
547650634;5291538845;5291538846;
547650634;5291538846;5291538847;
547650634;5291538847;5291538855;
547650634;5291538855;5291538848;
571754735;5494270821;5494270820;
571754736;5494270825;5494270824;
571754736;5494270824;5494270823;
571754736;5494270823;5494270822;
