8367068;25632293;5284368117;
8367068;5284368117;1110698247;
8367068;1110698247;1110698297;
8367068;1110698297;1110698276;
8367068;1110698276;4708512449;
8367068;4708512449;1110698268;
8367068;1110698268;4708512450;
8367068;4708512450;4708512441;
8367068;4708512441;4708512442;
8367068;4708512442;1110698273;
8367068;1110698273;2213493593;
8367068;2213493593;2250812461;
8367068;2250812461;2250812531;
8367068;2250812531;1788787056;
8367068;1788787056;4708512446;
8367069;137982795;25632284;
8367069;25632284;2749809980;
8367069;2749809980;25632285;
8367072;25632284;5284385981;
8367072;5284385981;5284385982;
8367092;1788787039;4685392611;
8367092;4685392611;1788787081;
8367092;1788787081;3148938210;
8367092;3148938210;353286182;
8367092;353286182;2397188711;
8367092;2397188711;1788787223;
8367092;1788787223;2250873416;
8367092;2250873416;129953505;
8367092;129953505;129953504;
8367093;5284368076;475396372;
8367093;475396372;129549662;
8367118;25632463;4488733074;
8367118;4488733074;4077112088;
8367118;4077112088;25632449;
8367133;4751728935;25632467;
8367133;25632467;3563723607;
8367133;3563723607;4753752250;
8367133;4753752250;4753752246;
8367133;4753752246;513936352;
8367133;513936352;4753752243;
8367133;4753752243;5310490973;
8367133;5310490973;4753752227;
8367133;4753752227;4753748915;
8367133;4753748915;1143316537;
8367133;1143316537;1165604083;
8367133;1165604083;4751728922;
8367133;4751728922;4751728923;
8367133;4751728923;25632466;
8367153;25632450;4488733070;
8367153;4488733070;25632451;
8367153;25632451;5284368056;
8367153;5284368056;25632452;
8367153;25632452;25632453;
8367153;25632453;25632454;
8367154;25632449;4488733072;
8367154;4488733072;25632448;
8367154;25632448;4488733071;
8367154;4488733071;25632447;
8367155;353287405;452518418;
8367155;452518418;5065064565;
8367155;5065064565;126617351;
8367164;1043000761;1143318771;
8367164;1143318771;25632521;
13263613;122452407;4737209751;
13263613;4737209751;4737209750;
13263613;4737209750;4737209749;
13263613;4737209749;3092747263;
13263613;3092747263;122452409;
13263613;122452409;5284320498;
13263613;5284320498;5284320499;
13263613;5284320499;299612405;
13263613;299612405;5284320505;
13263613;5284320505;122452412;
13265074;122452412;122452414;
13265074;122452414;4708552369;
13265074;4708552369;122452417;
13265074;122452417;5291597578;
13265074;5291597578;126634476;
13715388;126617351;126617352;
13715562;126617428;3897692254;
13715562;3897692254;126617430;
13716129;2363578534;5284320774;
13716129;5284320774;3897692240;
13716129;3897692240;5054999726;
13716129;5054999726;3897692238;
13716129;3897692238;126617433;
13716160;126617351;4492375940;
13716160;4492375940;2363578530;
13716624;122452412;404754617;
13797599;128560448;4573825411;
13797599;4573825411;349907807;
13797599;349907807;4573825412;
13797599;4573825412;4573825413;
13797599;4573825413;4573825414;
13797599;4573825414;128560449;
13797599;128560449;5329555464;
13797599;5329555464;122452427;
13797599;122452427;126617428;
13797599;126617428;4685392624;
13797599;4685392624;4685392623;
13797599;4685392623;137993249;
13797599;137993249;1216789894;
13797599;1216789894;1216789883;
13797599;1216789883;473879871;
13797599;473879871;3897692212;
13797599;3897692212;4749945342;
13797599;4749945342;128560274;
13836474;501252472;501252465;
13836474;501252465;501252453;
13836474;501252453;501252447;
13836474;501252447;1209790928;
14329027;137994933;137994581;
14329062;137994655;137994933;
14329062;137994933;4685354796;
14329062;4685354796;137994720;
14329124;128560275;1422610110;
14329124;1422610110;4685392618;
14329124;4685392618;5291538826;
14329124;5291538826;474677934;
14332819;138194386;2165544743;
14332819;2165544743;4753741829;
14332849;4751729015;3570147020;
14332849;3570147020;253283047;
14332849;253283047;138195667;
14332900;122452417;3191980461;
14332900;3191980461;2161007729;
14332900;2161007729;3191978442;
14332900;3191978442;126617352;
14333264;138213191;4749945323;
14333264;4749945323;428217540;
14333264;428217540;138213192;
14333264;138213192;138210915;
14334429;25632427;1043000761;
14334429;1043000761;513925553;
14334429;513925553;138252202;
23393876;253283034;3570147018;
23393876;3570147018;253283047;
25700630;129552045;280197437;
27149321;1143317563;1417694651;
27149321;1417694651;297880635;
27149321;297880635;4612022395;
27149321;4612022395;1417694650;
27149321;1417694650;4612022396;
27149321;4612022396;4612022397;
27149321;4612022397;475050311;
27292882;122452414;4708552372;
27292882;4708552372;299611722;
27292882;299611722;411842524;
27292882;411842524;1548540059;
27292882;1548540059;773982493;
27292882;773982493;1387283703;
27292882;1387283703;3897692280;
27292887;411842524;299610928;
27292887;299610928;299575943;
27292888;299611055;5284498241;
27292888;5284498241;5284498248;
27292888;5284498248;299610932;
27292888;299610932;1548540055;
27292888;1548540055;299611392;
27292888;299611392;5284498234;
27292961;299612189;2025523127;
27292961;2025523127;4452315971;
27292961;4452315971;5291849609;
27292961;5291849609;417011929;
27292961;417011929;5291849606;
27292961;5291849606;5291849608;
27292961;5291849608;5291849607;
27292961;5291849607;5291849605;
27292961;5291849605;299611381;
27292961;299611381;5291849603;
27292961;5291849603;299611382;
27292961;299611382;5291849601;
27292961;5291849601;299611383;
27292961;299611383;5291849602;
27292961;5291849602;5291849600;
27292961;5291849600;299611384;
27292961;299611384;5291849599;
27292961;5291849599;299611385;
27292961;299611385;4708552713;
27292961;4708552713;299611386;
27292961;299611386;299611387;
27292963;299610949;299611401;
27292963;299611401;4708552689;
27292963;4708552689;2363578573;
27292963;2363578573;4708552694;
27292963;4708552694;2363578568;
27292963;2363578568;4708552704;
27292963;4708552704;299611503;
27292990;299611755;299611722;
27293091;299612344;4708552712;
27293091;4708552712;299612343;
27293091;299612343;299612465;
27293091;299612465;299612466;
27293091;299612466;299612349;
27293091;299612349;5291849612;
27293091;5291849612;4573702094;
27293091;4573702094;5291849613;
27293091;5291849613;299612350;
27293098;299612405;5284320500;
27293098;5284320500;417011929;
27293098;417011929;5291849611;
27293098;5291849611;5291849610;
27293098;5291849610;299612349;
27293302;299614518;299614527;
27293302;299614527;513931856;
27293318;299614331;5268149567;
27293318;5268149567;5268149568;
27293318;5268149568;5268149569;
27293318;5268149569;299614401;
27293318;299614401;1108076389;
27293318;1108076389;5268129261;
28785456;128560446;5329555459;
28785456;5329555459;2225284288;
30405489;335560973;475055357;
30405489;475055357;475054556;
30405489;475054556;3896082251;
30405489;3896082251;335560768;
30405489;335560768;1788787156;
30405489;1788787156;4612022392;
30405489;4612022392;4612022393;
30405489;4612022393;455341192;
30405489;455341192;4612022394;
30405489;4612022394;297880635;
30405504;335561064;335561055;
30417990;4612052759;428217533;
30417990;428217533;4773391850;
30417990;4773391850;138208399;
30417990;138208399;138208401;
30417990;138208401;5284452292;
30417990;5284452292;5284452293;
30417990;5284452293;3153341344;
30417990;3153341344;5284452294;
30417990;5284452294;5284452295;
30417990;5284452295;5284452296;
30417990;5284452296;5284452297;
30417990;5284452297;129953505;
30911284;343646666;415788575;
30911284;415788575;343634648;
30911284;343634648;1548540063;
30911284;1548540063;343634647;
30911284;343634647;343634646;
30912861;343646649;343646655;
30912861;343646655;343646665;
30912861;343646665;4685339950;
30912861;4685339950;5291836406;
30912861;5291836406;343634646;
30912862;343646655;343646660;
30912862;343646660;4492375939;
30912862;4492375939;2363578561;
30912862;2363578561;343646659;
30912863;343646660;5291836403;
30912863;5291836403;2363578584;
30912863;2363578584;343646661;
30912863;343646661;343646662;
30912865;343646661;5291836405;
30912865;5291836405;5291836404;
30912865;5291836404;2363578585;
30912865;2363578585;343646665;
30912866;416355034;343646678;
30912866;343646678;343646669;
30912866;343646669;343646668;
30912867;343634646;444023177;
30912867;444023177;343646671;
30912867;343646671;5291836407;
30912867;5291836407;1165604049;
30912867;1165604049;5291836408;
30912867;5291836408;343646668;
30912868;343646669;343646672;
30912869;5284320721;5284320520;
30912869;5284320520;3897692261;
30912869;3897692261;413564238;
30912869;413564238;4492375937;
30912869;4492375937;343646675;
30912869;343646675;4492375938;
30912869;4492375938;343646678;
30912870;2168903802;1165604097;
30912870;1165604097;343646682;
30912870;343646682;343646683;
30912870;343646683;343646684;
30912873;343646686;3896082287;
30912873;3896082287;473894833;
30912873;473894833;343646684;
30912873;343646684;343646687;
30912873;343646687;343634635;
30912883;128560448;3443071665;
30912883;3443071665;3443071666;
30912883;3443071666;343646709;
30912883;343646709;343646728;
30912883;343646728;435468997;
30912884;435477342;4685339954;
30912884;4685339954;343646709;
30912892;343646741;1216466373;
30912892;1216466373;5310457022;
30912892;5310457022;5310457023;
30912892;5310457023;4505281871;
30912892;4505281871;5310457024;
30912892;5310457024;5310457021;
30912892;5310457021;1216466441;
30912892;1216466441;5310454820;
30912892;5310454820;343646746;
30912892;343646746;4013074549;
30912892;4013074549;1216466352;
30912892;1216466352;5310457025;
30912892;5310457025;4888395226;
30912892;4888395226;343646747;
30912941;138208872;474549120;
30912941;474549120;138209120;
30912941;138209120;4703910309;
30912941;4703910309;4703910308;
30912941;4703910308;474549060;
30912960;1216789894;1216789896;
30912960;1216789896;1216789885;
30912960;1216789885;1293997462;
31396393;122452425;3897692256;
31396393;3897692256;126617430;
31396444;1216789883;4749945340;
31396444;4749945340;349907698;
31396444;349907698;129548929;
31573198;129552048;5284368048;
31573198;5284368048;353287405;
34597437;353287405;3148917487;
34597437;3148917487;5284368049;
34597437;5284368049;501225889;
34597437;501225889;137996370;
34597437;137996370;25632447;
34607492;25620653;4685392600;
34607492;4685392600;4685392598;
34607492;4685392598;1110698280;
34607492;1110698280;2896394657;
34607492;2896394657;4685392597;
34607492;4685392597;452682295;
34607492;452682295;452682297;
34607518;25620653;25620570;
34607518;25620570;1106006327;
34607518;1106006327;2893389981;
34607518;2893389981;25620759;
34607518;25620759;2246086928;
34607518;2246086928;2246054719;
34607518;2246054719;25620737;
34607518;25620737;25620947;
34607518;25620947;3388020773;
34607518;3388020773;3388020769;
34607518;3388020769;25620960;
34607524;4708512440;1110698299;
34607524;1110698299;4708512451;
34607524;4708512451;1110698273;
34612905;402004623;4452315923;
34612905;4452315923;4452315921;
34612905;4452315921;4452315916;
34612905;4452315916;402016670;
34612905;402016670;4452315931;
34612905;4452315931;2025523129;
34612905;2025523129;402007436;
34613951;138197779;5284320512;
34613951;5284320512;5310412084;
34613951;5310412084;138198392;
34613951;138198392;5284320510;
34613951;5284320510;5284320511;
34613951;5284320511;452518414;
34613951;452518414;138198390;
34613951;138198390;5310412085;
34613951;5310412085;452518418;
34614000;138198390;126617352;
34627575;137982073;1419645378;
34627575;1419645378;5494270496;
34627575;5494270496;137982795;
34628269;343634629;4473312162;
34628269;4473312162;4473312164;
34628269;4473312164;4464000768;
34628269;4464000768;343634630;
34628269;343634630;4473312165;
34628269;4473312165;5291836449;
34628269;5291836449;5291836448;
34628269;5291836448;343634631;
34628269;343634631;1548515353;
34628269;1548515353;5291836411;
34628269;5291836411;5291836412;
34628269;5291836412;5291836413;
34628269;5291836413;343634635;
34628269;343634635;412249452;
34628269;412249452;406359726;
34628269;406359726;5291836419;
34628269;5291836419;299575942;
34628548;343646685;416716818;
34628548;416716818;416716819;
34628548;416716819;3896082293;
34644746;343646666;343634649;
34644746;343634649;417998888;
34644746;417998888;343634640;
34653072;1788787124;501252472;
34653072;501252472;280197437;
34653072;280197437;1788787593;
34653072;1788787593;137992808;
34683151;25632361;4612022471;
34683151;4612022471;1684865555;
34683151;1684865555;4612022470;
34683151;4612022470;25632364;
34683151;25632364;5284385976;
34683151;5284385976;4612022469;
34683151;4612022469;5494270820;
34683151;5494270820;5494270822;
34683151;5494270822;5284385977;
34683151;5284385977;137982073;
34731974;299614252;4751793145;
34731974;4751793145;4751793146;
34731974;4751793146;404759959;
34731974;404759959;404754608;
34731974;404754608;404756870;
34731974;404756870;4751793147;
34731974;4751793147;4751793148;
34731974;4751793148;404756386;
34732006;404754608;404754609;
34732006;404754609;416385391;
34732006;416385391;404754613;
34732006;404754613;404754615;
34732332;404770462;4751793134;
34732332;4751793134;4751793133;
34732332;4751793133;4751793132;
34732332;4751793132;404776207;
34732332;404776207;414128969;
34732363;404754615;404785592;
34772223;129548933;2585545679;
34772371;129548930;5291598309;
34772371;5291598309;349907649;
34772371;349907649;5291598310;
34772371;5291598310;129548929;
34772371;129548929;5291598311;
34772371;5291598311;5291598312;
34772371;5291598312;473873465;
34772371;473873465;5291598313;
34772371;5291598313;129548927;
34772371;129548927;1209790928;
34772371;1209790928;25632375;
34935294;404754615;2025523125;
34935294;2025523125;404754617;
34935295;404754617;411841932;
34935295;411841932;402004623;
34935295;402004623;404756386;
34935295;404756386;126643110;
34935295;126643110;4751793164;
34935295;4751793164;2269673177;
34935295;2269673177;2165544769;
34935295;2165544769;138194386;
34935295;138194386;513920937;
34935295;513920937;138252374;
34988345;474677934;5291538827;
34988345;5291538827;5291542298;
34988345;5291542298;4685392617;
34988345;4685392617;1788787115;
34988345;1788787115;5291538831;
34988345;5291538831;1788787039;
35078246;411502734;411502735;
35078246;411502735;411502737;
35078246;411502737;4461909646;
35078246;4461909646;4461909645;
35078246;4461909645;4461909644;
35078246;4461909644;411502740;
35078246;411502740;5291849614;
35078246;5291849614;411502730;
35084624;299614420;253283034;
35105603;411842524;5284498239;
35105603;5284498239;299610936;
35105603;299610936;299610930;
35105603;299610930;5284498240;
35105603;5284498240;5284498236;
35105603;5284498236;4461909647;
35105603;4461909647;299611684;
35111843;25632450;25632447;
35112010;138205498;5291597598;
35112010;5291597598;5291597593;
35112010;5291597593;5291597597;
35112010;5291597597;5291597594;
35112010;5291597594;5291597595;
35112010;5291597595;5291597596;
35112010;5291597596;1209790951;
35112010;1209790951;4526689738;
35112010;4526689738;4526689737;
35112010;4526689737;5291598303;
35112010;5291598303;4526689731;
35112010;4526689731;5291598302;
35112010;5291598302;428050267;
35112010;428050267;4526689715;
35112010;4526689715;4526689716;
35112010;4526689716;435469009;
35112010;435469009;435477342;
35203542;1788787124;129550139;
35330759;4751728983;4751434492;
35330759;4751434492;4751435713;
35383635;297369446;3950967640;
35383635;3950967640;534476357;
35383635;534476357;4458013144;
35383635;4458013144;4444174177;
35383635;4444174177;4444174395;
35383635;4444174395;1103427051;
35383635;1103427051;1788786450;
35383635;1788786450;4751728980;
35474003;416007742;1209790954;
35474004;435477342;1165603979;
35474004;1165603979;4526689718;
35475028;343646734;4455723345;
35475028;4455723345;3694392908;
35475028;3694392908;343646735;
35540218;404754613;416385402;
35540218;416385402;416385391;
35565170;416716819;416716837;
35565170;416716837;416716839;
35565170;416716839;416716818;
35725587;417998888;1165604040;
35725587;1165604040;417998906;
35725587;417998906;5310412091;
35725587;5310412091;5310412090;
35725587;5310412090;5310412089;
35725587;5310412089;5310412088;
35725587;5310412088;417998907;
35725587;417998907;5310412087;
35725587;5310412087;417998908;
35725587;417998908;417998910;
35725587;417998910;5310412086;
35725587;5310412086;343634648;
35744643;299614252;4751793144;
35744643;4751793144;1788788006;
35744643;1788788006;418091555;
35770755;299611055;418198684;
36747397;427277908;4464130478;
36747397;4464130478;4751728980;
36824718;1165604001;5291598290;
36824718;5291598290;428050270;
36824718;428050270;428050272;
36824718;428050272;1165604137;
36824718;1165604137;428050273;
36824718;428050273;1165604019;
36824718;1165604019;1165603973;
36824718;1165603973;428050275;
36824718;428050275;428050276;
36824718;428050276;5291598291;
36824718;5291598291;1165604100;
36824718;1165604100;5291598298;
36824718;5291598298;5291598297;
36824718;5291598297;428050279;
36824718;428050279;4526689704;
36824718;4526689704;1165604110;
36824718;1165604110;5291598292;
36824718;5291598292;428050280;
36824718;428050280;4526689705;
36824718;4526689705;1165604036;
36824718;1165604036;4526689706;
36824718;4526689706;428050282;
36824718;428050282;5291598295;
36824718;5291598295;1165604070;
36824718;1165604070;428050283;
36824718;428050283;5291598296;
36824718;5291598296;428050285;
36824721;428050267;5291598301;
36824721;5291598301;5291598300;
36824721;5291598300;428050301;
36824721;428050301;428050290;
36836258;428217533;4773391849;
36836258;4773391849;4749945328;
36836258;4749945328;428217535;
36836258;428217535;4749945327;
36836258;4749945327;1216789880;
36836258;1216789880;4749945326;
36836258;4749945326;428217536;
36836258;428217536;4737122504;
36836258;4737122504;4737122503;
36836258;4737122503;4773391847;
36836258;4773391847;428217537;
36836258;428217537;4773391848;
36836258;4773391848;4749945321;
36836258;4749945321;428217538;
36836258;428217538;4749945324;
36836258;4749945324;428217539;
36836258;428217539;4749945325;
36836258;4749945325;1216789889;
36836258;1216789889;4749945322;
36836258;4749945322;428217540;
37345790;435469019;4685339952;
37345790;4685339952;4685339953;
37345790;4685339953;435477342;
37345791;435469009;5329555466;
37345791;5329555466;5329555467;
37345791;5329555467;435469019;
37345792;435469019;5329555468;
37345792;5329555468;435469023;
37345793;435469023;435468997;
37346130;428050290;428050304;
37346130;428050304;5291598299;
37346130;5291598299;428050306;
37346130;428050306;428050309;
37346130;428050309;428050285;
37346130;428050285;1165604129;
37346130;1165604129;416007742;
37856707;444023177;1548540061;
38336627;452682212;5284368058;
38336627;5284368058;4685392186;
38336627;4685392186;5284368059;
38336627;5284368059;4685392185;
38336627;4685392185;4685392187;
38336627;4685392187;5284368060;
38336627;5284368060;2941001650;
38336627;2941001650;4685392188;
38336627;4685392188;452682218;
38336627;452682218;452682221;
38336627;452682221;2941001644;
38336627;2941001644;452682225;
38336627;452682225;452682227;
38336627;452682227;452682230;
38336627;452682230;452682234;
38336627;452682234;452682238;
38336627;452682238;452682240;
38336627;452682240;2939688592;
38336627;2939688592;2940931378;
38336627;2940931378;2940931372;
38336633;137992808;137994720;
38336633;137994720;137992807;
38336634;25632446;3092699110;
38336634;3092699110;5284368065;
38336634;5284368065;1110698256;
38336634;1110698256;1887601134;
38336634;1887601134;5284368066;
38336634;5284368066;25632454;
38336634;25632454;129550851;
38336634;129550851;1110698243;
38336635;1110698255;1110698259;
38336638;452682300;2912181005;
38336638;2912181005;1110698285;
38336638;1110698285;2912182796;
38336638;2912182796;1110698265;
38336639;452682304;5291598315;
38336639;5291598315;1110698254;
38336639;1110698254;5291598316;
38336639;5291598316;1110698245;
38336639;1110698245;5291598317;
38336639;5291598317;452682256;
38336641;129552046;4488733042;
38336641;4488733042;129552045;
38336641;129552045;2202026261;
38336641;2202026261;501252536;
38336641;501252536;129552044;
38336644;1788787039;4685392607;
39507992;137994655;5268162903;
39507992;5268162903;4488733039;
39507992;4488733039;4488733040;
39507992;4488733040;473240004;
39507992;473240004;4488733041;
39507992;4488733041;4488733038;
39507992;4488733038;4685354799;
39507992;4685354799;4685354798;
39507992;4685354798;473240005;
39507992;473240005;4685354797;
39507992;4685354797;4685354800;
39548802;473859168;473859170;
39549792;137993129;4488733056;
39549792;4488733056;473873457;
39549792;473873457;1887601111;
39549792;1887601111;473873458;
39549792;473873458;4488733055;
39549792;4488733055;1887601117;
39549792;1887601117;473873459;
39549792;473873459;4488733054;
39549792;4488733054;1887601140;
39549792;1887601140;473873460;
39549792;473873460;4488733053;
39549792;4488733053;473873461;
39549792;473873461;473873462;
39549792;473873462;473873463;
39549792;473873463;473873464;
39549792;473873464;473873465;
39549879;473240006;5268162904;
39549879;5268162904;137992807;
39549900;128560275;473874237;
39549900;473874237;473877733;
39549900;473877733;473874239;
39549900;473874239;473874242;
39549900;473874242;2397460873;
39549900;2397460873;2397460874;
39549954;473877733;473877734;
39549954;473877734;473877735;
39549954;473877735;473877736;
39549954;473877736;473877737;
39549954;473877737;1293997461;
39549954;1293997461;1293997458;
39549954;1293997458;1293997463;
39549954;1293997463;1293997462;
39549961;473874237;473878705;
39549961;473878705;473878708;
39549973;473879871;473879878;
39549973;473879878;473880555;
39549973;473880555;473879884;
39549973;473879884;473882628;
39549973;473882628;473879887;
39549982;473880555;473882633;
39550749;3897692246;4488733057;
39550749;4488733057;137993129;
39550803;473894833;473894834;
39550803;473894834;5291836422;
39550803;5291836422;3896082285;
39550803;3896082285;5291836423;
39550803;5291836423;5291836425;
39586894;474544834;474541524;
39586894;474541524;5284395797;
39586894;5284395797;474541522;
39586894;474541522;5284395796;
39586894;5284395796;4749945333;
39586894;4749945333;5284395795;
39586894;5284395795;474541520;
39586894;474541520;5284395798;
39586894;5284395798;5284395800;
39586894;5284395800;5284395801;
39586894;5284395801;474541515;
39586894;474541515;5284395799;
39586894;5284395799;474541511;
39586894;474541511;5284395802;
39586894;5284395802;5284395803;
39586894;5284395803;474541506;
39586894;474541506;5284395804;
39586894;5284395804;5284395805;
39586894;5284395805;474541505;
39586894;474541505;474541503;
39586894;474541503;474541502;
39586894;474541502;4703910295;
39586894;4703910295;5284395806;
39586894;5284395806;474541501;
39586894;474541501;474541500;
39586894;474541500;4703910292;
39586894;4703910292;5284395807;
39586894;5284395807;4703910291;
39586894;4703910291;474541486;
39586894;474541486;474541483;
39586911;474543238;474541515;
39586944;474544834;3103762794;
39586944;3103762794;474544829;
39586944;474544829;474544824;
39586944;474544824;3396198845;
39586944;3396198845;474544821;
39586944;474544821;474544818;
39586944;474544818;474544816;
39586944;474544816;475073406;
39586944;475073406;3147589758;
39586944;3147589758;475073403;
39586944;475073403;5284452302;
39586944;5284452302;475352608;
39587009;474544834;474546970;
39587009;474546970;5284395794;
39587009;5284395794;5284395793;
39587009;5284395793;474543238;
39587009;474543238;474546975;
39587067;474549060;4703910307;
39587067;4703910307;4703910306;
39587067;4703910306;474549070;
39587067;474549070;474549073;
39587067;474549073;474549075;
39587067;474549075;474549077;
39587067;474549077;4749945332;
39587067;4749945332;474549081;
39587067;474549081;474549084;
39587108;474549084;474551135;
39587108;474551135;4703910298;
39587108;4703910298;4703910299;
39587108;4703910299;5284395792;
39587108;5284395792;474546975;
39587490;474552495;474552497;
39587490;474552497;474552500;
39587490;474552500;474552505;
39587490;474552505;5284395787;
39587490;5284395787;5284395786;
39587490;5284395786;5284395788;
39587490;5284395788;474552506;
39587490;474552506;474552508;
39587490;474552508;3140385690;
39587490;3140385690;3652922413;
39587490;3652922413;5284395789;
39587490;5284395789;5284395790;
39587490;5284395790;474549084;
39588456;474541501;4703910293;
39588456;4703910293;4703910294;
39588456;4703910294;474553709;
39588456;474553709;3140385691;
39590128;474546987;4703910303;
39590128;4703910303;4703910304;
39590128;4703910304;474556624;
39590128;474556624;4703910302;
39590128;4703910302;4703910301;
39590128;4703910301;474551135;
39590262;343646851;3162256074;
39590262;3162256074;474559375;
39597607;474677888;474676251;
39597607;474676251;474676250;
39597607;474676250;474676249;
39597607;474676249;474676248;
39597607;474676248;474676247;
39597607;474676247;474676246;
39597607;474676246;474676245;
39597607;474676245;3147163296;
39597607;3147163296;474676244;
39597607;474676244;474676243;
39597607;474676243;474676242;
39597607;474676242;474676241;
39597607;474676241;474676238;
39597692;474677888;343646841;
39597692;343646841;474677891;
39597692;474677891;474677896;
39597692;474677896;4749945338;
39597692;4749945338;474677899;
39597692;474677899;4749945339;
39597692;4749945339;474677900;
39597692;474677900;474677902;
39597692;474677902;474677907;
39597692;474677907;2397188712;
39597779;474676238;3158294363;
39597779;3158294363;343646851;
39597832;474677888;474681706;
39597832;474681706;3103770912;
39597832;3103770912;474681707;
39597832;474681707;474681709;
39597960;474683172;3149497579;
39597960;3149497579;474683167;
39598055;474681726;474685694;
39598055;474685694;474685697;
39598055;474685697;474685700;
39598055;474685700;474685704;
39598055;474685704;474685708;
39598055;474685708;474546985;
39598232;474690461;3103789775;
39598232;3103789775;474690456;
39598458;474691703;474690461;
39598458;474690461;474691694;
39598458;474691694;474691686;
39598589;474546948;1107381206;
39598589;1107381206;474694139;
39598589;474694139;1105911801;
39598605;474789325;474694632;
39598605;474694632;1107381193;
39598605;1107381193;474695395;
39598605;474695395;474694626;
39598629;474695389;3117018924;
39598629;3117018924;474695400;
39598629;474695400;1107381212;
39598629;1107381212;1216466401;
39598629;1216466401;474695427;
39598714;474697403;474697404;
39598714;474697404;1107381207;
39598714;1107381207;4457851565;
39598714;4457851565;474697405;
39598745;4452315940;474698118;
39598745;474698118;474697409;
39598760;474697405;1107381212;
39598760;1107381212;1107381193;
39598760;1107381193;1107381206;
39598760;1107381206;474691694;
39598786;474789304;1216466414;
39598786;1216466414;474699485;
39598786;474699485;4452315939;
39598786;4452315939;474699484;
39598786;474699484;474699483;
39598786;474699483;474728395;
39598863;474787665;474818247;
39598863;474818247;474818248;
39598863;474818248;4749945204;
39598863;4749945204;4455723348;
39598863;4455723348;474818250;
39598863;474818250;474818251;
39598863;474818251;1107381200;
39598863;1107381200;1216466349;
39598863;1216466349;474701471;
39598863;474701471;474701473;
39598880;474701471;474701871;
39598880;474701871;4598508660;
39598880;4598508660;474701862;
39598880;474701862;474701860;
39598880;474701860;1216466414;
39601146;474728387;4452315941;
39601146;4452315941;4452315940;
39607639;1216466349;474785716;
39607639;474785716;343646818;
39607956;343646734;4598508654;
39607956;4598508654;474789296;
39607956;474789296;474789297;
39607956;474789297;474789299;
39607956;474789299;474789303;
39607956;474789303;474789304;
39607956;474789304;4598508655;
39607956;4598508655;2689538408;
39607956;2689538408;474728387;
39607956;474728387;1216466495;
39607956;1216466495;474789315;
39607956;474789315;474789320;
39607956;474789320;474695427;
39607956;474695427;4464000793;
39607956;4464000793;474789323;
39607956;474789323;474789325;
39607956;474789325;474789328;
39607956;474789328;4685392631;
39607956;4685392631;343646731;
39607956;343646731;4457851535;
39607956;4457851535;1105911801;
39607956;1105911801;4685392629;
39607956;4685392629;4685392630;
39607956;4685392630;474789333;
39607956;474789333;474691703;
39607956;474691703;4685392628;
39607956;4685392628;474793814;
39607956;474793814;474800358;
39607956;474800358;4685392627;
39607956;4685392627;474794846;
39608490;474794846;4685392626;
39608490;4685392626;4457851537;
39608490;4457851537;474794849;
39608490;474794849;474794853;
39608490;474794853;474794856;
39608490;474794856;4685392625;
39608490;4685392625;349907807;
39608733;4685392627;474797437;
39608733;474797437;474797441;
39608754;474797441;474794842;
39608833;474798130;474793814;
39608973;474799742;4526688740;
39608973;4526688740;474799738;
39608973;474799738;474793814;
39608992;474800358;474800360;
39608992;474800360;474800362;
39608992;474800362;474799742;
39609005;474799758;4526688752;
39609005;4526688752;4526688760;
39609005;4526688760;4526688736;
39609005;4526688736;4685392645;
39609005;4685392645;4685392644;
39609005;4685392644;474800740;
39609005;474800740;4685392643;
39609005;4685392643;474800744;
39609005;474800744;4526688735;
39609005;4526688735;4685392637;
39609005;4685392637;474800745;
39609005;474800745;4685392636;
39609005;4685392636;4526688734;
39609005;4526688734;4685392635;
39609005;4685392635;474800746;
39609005;474800746;474800751;
39609005;474800751;4526688733;
39609005;4526688733;4685392632;
39609005;4685392632;474800753;
39609005;474800753;4685392633;
39609005;4685392633;4526688732;
39609005;4526688732;4685392634;
39609005;4685392634;474800754;
39609005;474800754;4526688751;
39609005;4526688751;4526688755;
39609005;4526688755;4526688743;
39609005;4526688743;4526688745;
39609005;4526688745;4526688746;
39609005;4526688746;474800759;
39609005;474800759;474800738;
39609163;122452429;474802735;
39609163;474802735;2585545686;
39609163;2585545686;1216466398;
39609163;1216466398;474802741;
39609163;474802741;474802745;
39609163;474802745;4457851538;
39609163;4457851538;474802746;
39609163;474802746;4457851539;
39609163;4457851539;474802747;
39609163;474802747;4457851537;
39631697;474385800;475044410;
39631877;475049092;1417678296;
39631877;1417678296;1417675671;
39631983;1143317563;475050303;
39631983;475050303;4612020988;
39631983;4612020988;475050301;
39631983;475050301;4612020987;
39631983;4612020987;475050300;
39631983;475050300;4612020986;
39631983;4612020986;4612020985;
39631983;4612020985;475050297;
39631983;475050297;4612020984;
39631983;4612020984;4612020982;
39631983;4612020982;4612020983;
39631983;4612020983;475050295;
39631983;475050295;4612022406;
39631983;4612022406;1788787170;
39631983;1788787170;1788787156;
39632852;475050311;5494270838;
39632852;5494270838;4612022450;
39632852;4612022450;475064049;
39632852;475064049;475064050;
39632852;475064050;475064052;
39632852;475064052;475064054;
39632852;475064054;5494270592;
39632852;5494270592;137982073;
39633008;455341194;475066897;
39633008;475066897;5284385980;
39633008;5284385980;475064049;
39633344;475073406;475073423;
39633344;475073423;2397188710;
39633344;2397188710;3148938215;
39633344;3148938215;3148938224;
39633589;474802735;1216466336;
39633790;475080479;1110673577;
39633790;1110673577;475081804;
39633790;475081804;475080487;
39633790;475080487;475080491;
39633790;475080491;474682657;
39633834;475081801;475081804;
39633884;474676240;475082788;
39633884;475082788;475082790;
39633884;475082790;475082792;
39633884;475082792;475082794;
39633884;475082794;475082796;
39633884;475082796;475082799;
39635151;474787957;475117687;
39635151;475117687;4749945205;
39635151;4749945205;474785716;
39650114;474728398;1107381207;
39650114;1107381207;475328014;
39650114;475328014;475329138;
39650114;475329138;3117018924;
39650114;3117018924;474695395;
39650163;475328017;475328014;
39650208;475329138;475329142;
39650790;1216466378;475333883;
39650861;4573825422;4573825421;
39650861;4573825421;4573825420;
39650861;4573825420;4573825419;
39650861;4573825419;4573825418;
39650861;4573825418;4573825417;
39650861;4573825417;4573825416;
39650861;4573825416;475334479;
39650861;475334479;475333883;
39653580;1143317949;475352608;
39653923;474677911;1788787713;
39653923;1788787713;475354599;
39653923;475354599;2397188723;
39653923;2397188723;475354371;
39653923;475354371;475354682;
39653923;475354682;475354369;
39653923;475354369;475353910;
39653956;475353910;475354600;
39653956;475354600;475354599;
39653971;475354600;475354682;
39657916;475392102;475392099;
39657990;475394841;4685392619;
39657990;4685392619;4685392620;
39657990;4685392620;128560274;
39657991;475394859;475392102;
39657991;475392102;5291538861;
39657991;5291538861;4488733059;
39657991;4488733059;5291538862;
39657991;5291538862;4488733058;
39657991;4488733058;5291538863;
39657991;5291538863;4488733060;
39657991;4488733060;5291538864;
39657991;5291538864;475394871;
39657991;475394871;5291538860;
39657991;5291538860;1422610108;
39657991;1422610108;4488733061;
39657991;4488733061;4685392622;
39657991;4685392622;475394841;
41097165;129552512;501225723;
41097165;501225723;501225720;
41097165;501225720;4488733045;
41097165;4488733045;501225717;
41097165;501225717;501225713;
41097165;501225713;501225708;
41097166;501225739;501225743;
41097166;501225743;501225746;
41097166;501225746;4685354806;
41097166;4685354806;501225749;
41097166;501225749;501225754;
41097166;501225754;129552512;
41097167;501225766;5268162907;
41097167;5268162907;1107381202;
41097167;1107381202;501225783;
41097167;501225783;4488733043;
41097168;501225800;501225803;
41097168;501225803;501225807;
41097168;501225807;501225811;
41097169;501225807;1107381202;
41097169;1107381202;1788787195;
41097170;501225889;501225920;
41097170;501225920;501225739;
41097754;501252536;501252542;
41097754;501252542;501252546;
41097754;501252546;501252551;
41097754;501252551;4488733046;
41097755;501252596;501252601;
41097755;501252601;501252606;
41097758;501252622;501252606;
41097758;501252606;501252476;
41738234;513920937;4452315932;
41738234;4452315932;513921231;
41738234;513921231;513920950;
41738234;513920950;513920936;
41738237;513920996;5268154587;
41738237;5268154587;513920967;
41738237;513920967;4492375933;
41738237;4492375933;513920950;
41738238;138252202;513925578;
41738238;513925578;138252374;
41738246;513921171;5268149604;
41738246;5268149604;4492375935;
41738246;4492375935;513921184;
41738246;513921184;5268149603;
41738246;5268149603;513921193;
41738246;513921193;4492375934;
41738246;4492375934;513921201;
41738246;513921201;4492375936;
41738246;4492375936;513921229;
41738246;513921229;5268149594;
41738246;5268149594;5268149591;
41738246;5268149591;513921213;
41738248;513921201;5268149597;
41738248;5268149597;5268149602;
41738248;5268149602;513921226;
41738248;513921226;5268149599;
41738248;5268149599;513921227;
41738249;5268149596;513921229;
41738249;513921229;513921231;
41738424;513925553;513925568;
41738424;513925568;513925574;
41738424;513925574;4492375932;
41738588;299614580;513931864;
41738588;513931864;1309301158;
41738590;1309301158;5268149571;
41738590;5268149571;513931865;
41738590;513931865;5268149573;
41738590;5268149573;513931867;
41738590;513931867;5268149572;
41738590;5268149572;4749945344;
41738590;4749945344;5268149574;
41738590;5268149574;513931862;
41738590;513931862;513931869;
41738590;513931869;513931870;
41738590;513931870;4749945343;
41738590;4749945343;513931872;
41738590;513931872;5268149575;
41738590;5268149575;513931873;
41738590;513931873;4753741481;
41738590;4753741481;513931874;
41738590;513931874;4753741480;
41738590;4753741480;3387597863;
41738590;3387597863;513931878;
41738590;513931878;4753741507;
41738732;513936347;513936352;
51228956;474385797;474385798;
51228956;474385798;474385800;
51228956;474385800;4703910365;
51228956;4703910365;474385801;
51228956;474385801;4703910364;
51228956;4703910364;4703910363;
51228956;4703910363;474385803;
51228956;474385803;4703910362;
51228956;4703910362;138209120;
59525260;137982795;5494270495;
59525260;5494270495;5284385982;
59525260;5284385982;5284385983;
59525260;5284385983;3446686441;
59525260;3446686441;1684865554;
59525260;1684865554;3446686443;
59525260;3446686443;25632278;
59525260;25632278;25632279;
59525260;25632279;5284385984;
59525260;5284385984;25632225;
60461087;129552046;137994655;
60461087;137994655;4488733080;
60461087;4488733080;129552048;
60461092;126617433;5284320775;
60461092;5284320775;5291542300;
60461092;5291542300;129552048;
95843585;452682270;2912153172;
95843585;2912153172;452682300;
95843585;452682300;452682286;
95843586;1110698255;5284368070;
95843586;5284368070;452682282;
98835866;513925568;513925588;
98835866;513925588;513925584;
98835866;513925584;1143318771;
100862790;1165603979;1165604021;
100862790;1165604021;4685339955;
100862790;4685339955;4526689718;
100862795;4526689737;5291598304;
100862795;5291598304;4526689736;
100862795;4526689736;4526689735;
100862795;4526689735;4526689734;
100862795;4526689734;4526689733;
100862795;4526689733;4526689732;
100862795;4526689732;4526689714;
100862795;4526689714;4526689730;
100862795;4526689730;4526689729;
100862795;4526689729;5291598305;
100862795;5291598305;4526689719;
100862795;4526689719;129548933;
100862796;4526689718;129548933;
100862811;4685339955;5291598306;
100862811;5291598306;1165604041;
100862811;1165604041;1165604053;
100862813;1165604111;1165604021;
100862814;137992807;3896082252;
100862814;3896082252;1165603961;
100862815;1165603961;1165604086;
105637466;343646831;4612063040;
105637466;4612063040;3157212422;
105637466;3157212422;475080479;
105637466;475080479;1143316554;
105637466;1143316554;475082796;
116015041;1309301158;4753741510;
116015041;4753741510;4753741511;
116015041;4753741511;1309301161;
116015041;1309301161;4753741512;
116015041;4753741512;4753741513;
116015041;4753741513;1309301159;
116015041;1309301159;4753741514;
116015041;4753741514;1143318149;
116015041;1143318149;4753741515;
116015041;4753741515;1309301162;
116015041;1309301162;4492375360;
116015041;4492375360;4753741821;
116015041;4753741821;4753741520;
116015041;4753741520;4753741509;
116015041;4753741509;4753741518;
116015041;4753741518;4753741517;
116015041;4753741517;4753741519;
116015041;4753741519;4753741516;
116015041;4753741516;4753748898;
116015041;4753748898;4753748896;
124718133;1165604056;1387283703;
128133836;129953504;475360049;
128133836;475360049;5494270947;
128133836;5494270947;475360047;
128133836;475360047;4612031731;
128133836;4612031731;475360045;
128133836;475360045;4612031732;
128133836;4612031732;475360043;
128133836;475360043;475360041;
128133836;475360041;475360039;
128133836;475360039;1416641674;
128133836;1416641674;475049092;
128244780;1417675672;1417675673;
128244780;1417675673;129953503;
128245796;1417675671;1143317563;
128245797;1417675671;1417675672;
128246658;475064052;4612022402;
128246658;4612022402;5284385979;
128246658;5284385979;1417693657;
128246658;1417693657;4612022403;
128246658;4612022403;1417693658;
128246659;137982073;4612022404;
128246659;4612022404;1417693658;
128246660;1417693658;335561055;
128246660;335561055;129953504;
128246785;1143317563;4612022389;
128246785;4612022389;475050306;
128246785;475050306;4612022390;
128246785;4612022390;475050307;
128246785;475050307;4612022391;
128246785;4612022391;475050311;
128463453;4612022469;1419645372;
128463453;1419645372;1419645375;
128463453;1419645375;1422567181;
128463453;1422567181;1419645378;
128463454;1419645372;5445827135;
128463454;5445827135;1419645369;
128463454;1419645369;5445827132;
128463454;5445827132;5445827133;
128463454;5445827133;1419645367;
128463454;1419645367;1419645371;
128463454;1419645371;5445827136;
128463454;5445827136;5445827134;
128463454;5445827134;1419645374;
128463454;1419645374;5445827122;
128463454;5445827122;5445827121;
128463454;5445827121;1419645377;
128825641;25632366;5284385992;
128825641;5284385992;25632292;
128825641;25632292;1110698257;
128825641;1110698257;5054999102;
128825641;5054999102;25632293;
128828529;1422610108;1422610110;
128828725;4685392593;2939568423;
128828725;2939568423;2939568411;
128828725;2939568411;2939566888;
128828725;2939566888;2939568422;
128828725;2939568422;2939568421;
128828725;2939568421;2939568408;
128828725;2939568408;2939568407;
128828725;2939568407;2939568418;
128828725;2939568418;2939566892;
128828725;2939566892;2939566889;
128828725;2939566889;2939566885;
128828725;2939566885;2939566891;
128828725;2939566891;1422611542;
140758917;1541417335;1541417332;
140758918;1541417332;1541417331;
140758918;1541417331;1541417314;
140758918;1541417314;1541417319;
140758918;1541417319;1541417332;
141472577;343634635;5291836409;
141472577;5291836409;5291836410;
141472577;5291836410;1548515352;
141472577;1548515352;1548515355;
141475041;343634631;1548515355;
141475042;1548540061;5329555449;
141475042;5329555449;444023180;
141475042;444023180;5329555448;
141475042;5329555448;1548540064;
141475043;1548540064;1548540065;
141475043;1548540065;5329555450;
141475043;5329555450;1548540066;
141475043;1548540066;1548540063;
141475044;1548540059;1548540057;
141475044;1548540057;1548540054;
141475044;1548540054;1548540056;
141475044;1548540056;1548540055;
167487379;1788787242;2250873416;
167487380;1788787223;5284452308;
167487380;5284452308;5284452303;
167487380;5284452303;1788787242;
167487451;1788787262;1788787319;
167487490;474677919;1788787340;
167487490;1788787340;1788787287;
167487492;1788787115;5291538828;
167487492;5291538828;5291538829;
167487492;5291538829;4685392616;
167487492;4685392616;1788787104;
167487492;1788787104;5291538830;
167487492;5291538830;4685392615;
167487492;4685392615;1788787081;
167487535;1788787287;1788787262;
167487535;1788787262;1788787260;
167487535;1788787260;1788787299;
167487535;1788787299;1788787319;
167487535;1788787319;1788787340;
171944850;1209790928;5291598314;
171944850;5291598314;1829027319;
171944850;1829027319;1829027320;
171944850;1829027320;1829027321;
171944850;1829027321;1829027322;
171944850;1829027322;1422611556;
171944850;1422611556;4488733052;
171944850;4488733052;1422611558;
171944850;1422611558;4488733051;
171944850;4488733051;475396375;
171944850;475396375;475396373;
171944850;475396373;475396372;
174689855;452682282;1110698283;
174689855;1110698283;1110698277;
174689855;1110698277;5284368069;
174689855;5284368069;1110698265;
174689856;1110698267;3694908966;
174689856;3694908966;25632445;
174689856;25632445;25632414;
178413104;1887601114;1887601133;
178413106;474682657;474683172;
178413108;1110698267;25632446;
191987944;474794846;474793789;
194849406;2053583469;4751476441;
194849406;4751476441;2053584362;
194849406;2053584362;427277908;
194849518;2053585642;4753732493;
194849518;4753732493;2053585644;
194849518;2053585644;2053585638;
194849518;2053585638;4751434465;
198514517;2086430194;2086430189;
198514517;2086430189;2086430192;
206100515;2161007712;2161007722;
206100515;2161007722;2161007726;
206100515;2161007726;2161007724;
206100515;2161007724;2161007716;
206100515;2161007716;2161007731;
206100515;2161007731;2161007717;
206100515;2161007717;2161007727;
206100515;2161007727;2161007730;
206100515;2161007730;2161007720;
206100515;2161007720;2161007729;
206541394;4751793164;4751793165;
206541394;4751793165;2165544739;
206541394;2165544739;2165544753;
206541394;2165544753;2165544752;
206541394;2165544752;4751793159;
206541394;4751793159;2165544750;
206541394;2165544750;4751793158;
206541394;4751793158;4751793157;
206541394;4751793157;2165544745;
206541394;2165544745;4751793156;
206541394;4751793156;2165544746;
206541394;2165544746;4751793155;
206541394;4751793155;2165544748;
206541394;2165544748;2165544759;
206541394;2165544759;2165544738;
206541394;2165544738;2165544747;
206541394;2165544747;4751793154;
206541394;4751793154;2165544765;
206541394;2165544765;2165544755;
206541394;2165544755;2165544749;
206541394;2165544749;4751793153;
206541394;4751793153;2165544744;
206541394;2165544744;4751793160;
206541394;4751793160;2165544753;
206544631;2165604353;2165604357;
206544631;2165604357;3147563235;
206544631;3147563235;3103787337;
206544631;3103787337;2165604359;
210669782;4685392598;1110698255;
210669783;452682297;2912153176;
210669783;2912153176;452682270;
210670986;129549662;5291538837;
210670986;5291538837;5291538835;
210670986;5291538835;5291538836;
210670986;5291538836;5291538838;
210670986;5291538838;475394859;
210670987;1788787124;25632375;
210670988;137994583;5291538858;
210670988;5291538858;5291538857;
210670988;5291538857;5291538856;
210670988;5291538856;5291538850;
210670988;5291538850;5291538839;
210670988;5291538839;475394859;
210670990;128560274;5291538824;
210670990;5291538824;5291538825;
210670990;5291538825;128560275;
210673563;1110698265;4685392596;
210673563;4685392596;4685392593;
210673563;4685392593;452682212;
210673563;452682212;5284368061;
210673563;5284368061;4685392590;
210673563;4685392590;5284368067;
210673563;5284368067;3092699113;
210673563;3092699113;2940944907;
210673563;2940944907;1110698261;
210673563;1110698261;5284368064;
210673563;5284368064;1110698267;
211342284;1788787061;4685392614;
211342284;4685392614;4685392613;
211342284;4685392613;1788787075;
211342284;1788787075;4685392612;
211342284;4685392612;1788787039;
211342286;1788787056;5291538833;
211342286;5291538833;5291538832;
211342286;5291538832;5291538834;
211342286;5291538834;5284368076;
212708372;343646668;3896082286;
212708372;3896082286;343646667;
212708372;343646667;343646666;
212708374;1165604086;3896082259;
212708374;3896082259;138205502;
212708374;138205502;425725651;
212708374;425725651;138205500;
212708374;138205500;343646649;
212710690;343634646;343646672;
212710690;343646672;343646662;
212710690;343646662;343646675;
212710690;343646675;299575944;
212710692;474793789;128560448;
212710695;435469023;435469018;
212710696;316511863;343646710;
212710696;343646710;435468987;
212710696;435468987;343646689;
212710696;343646689;316511864;
212710701;316511863;5329555458;
212710701;5329555458;4526689708;
212710701;4526689708;4526689709;
212710701;4526689709;2225284288;
212710702;128560446;474793789;
212710703;343646649;138205498;
212710703;138205498;5291597599;
212710703;5291597599;343646703;
212710703;343646703;138205497;
212710703;138205497;4526688765;
212710703;4526688765;138205495;
212710703;138205495;2490198475;
212710703;2490198475;2490198476;
215611423;2250873416;5284452304;
215611423;5284452304;5284452305;
215611423;5284452305;5284452306;
215611423;5284452306;2250873409;
215611423;2250873409;5284452307;
215611423;5284452307;2250873413;
215611423;2250873413;2250873401;
215611423;2250873401;25632284;
219536349;2086430192;2086430191;
219536349;2086430191;2086430190;
219536349;2086430190;2086430193;
219536349;2086430193;2086430192;
219536350;2086430194;452682258;
219536350;452682258;5291598318;
219536350;5291598318;452682261;
219536350;452682261;1788787124;
220104373;299612349;299612407;
220104373;299612407;299612408;
220104373;299612408;4551110237;
220233689;452682286;452682274;
220233689;452682274;452682277;
220233689;452682277;452682253;
220233689;452682253;452682256;
220233689;452682256;2086430194;
220233692;1110698243;5284368068;
220233692;5284368068;452682282;
227716471;2363578580;2363578568;
227716476;299611401;2363578583;
228569801;129548930;5291598308;
228569801;5291598308;3897692232;
228569801;3897692232;349907698;
228569801;349907698;137994583;
231325189;2397188712;3140319385;
231325191;475354599;5284452312;
231325191;5284452312;2397188726;
231325191;2397188726;2397188718;
231325191;2397188718;2397188719;
231325191;2397188719;5284452310;
231325193;2397188723;2397188706;
231325193;2397188706;5284452311;
231325193;5284452311;2397188707;
231325193;2397188707;2397188727;
231325193;2397188727;2397188717;
241364284;2490198478;4731523276;
241364284;4731523276;1209790930;
241364284;1209790930;1209790968;
241364284;1209790968;1209790956;
241364284;1209790956;1209790934;
241364284;1209790934;1209790954;
241364284;1209790954;5291597601;
241364284;5291597601;5291597600;
241364284;5291597600;1209790951;
241364284;1209790951;4685339957;
241364284;4685339957;1209790950;
241364284;1209790950;4685339951;
241364284;4685339951;1209790958;
241364284;1209790958;343646649;
252524483;474697409;1216466401;
252524487;474697405;474697409;
252525258;349907807;2585545679;
252525258;2585545679;4685339983;
252525258;4685339983;5329555465;
252525258;5329555465;425725651;
252525262;2585545679;4685339984;
252525262;4685339984;4685339985;
252525262;4685339985;4685339986;
252525262;4685339986;129548931;
252525262;129548931;5291598307;
252525262;5291598307;2585545688;
252525262;2585545688;122452425;
252526950;25632449;5268178124;
252526950;5268178124;25632425;
252526950;25632425;2829209600;
252526950;2829209600;25632413;
252526950;25632413;5268178125;
252526950;5268178125;4488753661;
252526950;4488753661;4356494326;
252526950;4356494326;25632411;
252526954;25632447;25632446;
252527740;25632423;25632426;
252527740;25632426;411909880;
252527740;411909880;4077112087;
252527740;4077112087;25632463;
263330569;1216466437;2689537159;
263330570;2689537159;4598508658;
263330570;4598508658;2689537157;
263330574;1216466495;2689537156;
263330574;2689537156;5310457049;
263330574;5310457049;343646742;
263330686;2689537159;2689538408;
269856842;2749809974;2749809975;
269856842;2749809975;2749809976;
269856842;2749809976;2749809977;
269856842;2749809977;2749809978;
269856842;2749809978;2749809981;
269856842;2749809981;2749809979;
269856842;2749809979;2749809980;
286005192;2896394650;3392711363;
286005192;3392711363;2896394657;
287648368;2912181005;2912181002;
287648368;2912181002;2912181007;
287648368;2912181007;2912181001;
287648368;2912181001;2912181006;
287648368;2912181006;3392939998;
287648368;3392939998;2912181003;
287648784;2912182800;3392939997;
287648784;3392939997;2912182795;
287648784;2912182795;2912182799;
287648784;2912182799;2912182798;
287648784;2912182798;2912182797;
287648784;2912182797;2912182796;
290580546;2940944687;2940944679;
290580546;2940944679;2940944695;
290580548;2940944679;2940944686;
290580549;2940944686;2940944903;
290580549;2940944903;2940944907;
304688481;25632454;5284368057;
304688481;5284368057;3092699099;
304688481;3092699099;4685392590;
304688481;4685392590;5284368063;
304688481;5284368063;3092699111;
304688481;3092699111;4685392589;
304688481;4685392589;2940956814;
304688481;2940956814;5284368062;
304688481;5284368062;452682218;
304688482;2940944695;3092699113;
304688482;3092699113;1887601134;
305708885;3103787350;3103770912;
306780233;474549120;4703910312;
306780233;4703910312;474549115;
306780233;474549115;4703910311;
306780233;4703910311;4703910310;
306780233;4703910310;474549111;
306780233;474549111;474549109;
306780233;474549109;474549107;
306780233;474549107;4749945331;
306780233;4749945331;474549103;
306780233;474549103;4749945330;
306780233;4749945330;3140393452;
306780233;3140393452;474549101;
306780233;474549101;4749945329;
306780233;4749945329;3652922413;
306780234;474546975;474546977;
306780234;474546977;474546980;
306780234;474546980;5284395791;
306780234;5284395791;474546983;
306780234;474546983;474546985;
306780234;474546985;474546987;
306780234;474546987;126617427;
306780234;126617427;474546948;
306780458;137992807;137993129;
306780458;137993129;129548930;
306780458;129548930;4505230740;
306780458;4505230740;137993249;
307088020;3121467180;3121467182;
307088020;3121467182;3121467183;
307088020;3121467183;3121467181;
307090815;1293997462;343646840;
307090815;343646840;1216789882;
307090815;1216789882;343646841;
307126889;474676250;474681706;
308766174;3140319385;2397188714;
308766174;2397188714;2397188709;
308766174;2397188709;5284452309;
308766174;5284452309;2397188722;
308766174;2397188722;2397188716;
308766174;2397188716;2397188730;
308766174;2397188730;2397188731;
308766174;2397188731;2397188728;
308766174;2397188728;5284452310;
308766174;5284452310;2397188717;
308766174;2397188717;2397188708;
308766174;2397188708;2397188721;
308766174;2397188721;2397188720;
308769686;474544816;3140361000;
308769686;3140361000;3140361001;
308769686;3140361001;3152670753;
308769686;3152670753;3140361002;
308769686;3140361002;3140361003;
308771430;3140385691;3140385688;
308771430;3140385688;3140385689;
308771430;3140385689;5284395784;
308771430;5284395784;5284395785;
308771430;5284395785;3140385690;
308771431;3140385691;474553711;
308771431;474553711;5284395783;
308771431;5284395783;474553712;
308771431;474553712;474553713;
308771431;474553713;4703910296;
308771431;4703910296;5284395779;
308771431;5284395779;5284395780;
308771431;5284395780;474553715;
308771431;474553715;474553716;
308771431;474553716;5284395781;
308771431;5284395781;474553717;
308771431;474553717;5284395782;
308771431;5284395782;4703910297;
308771431;4703910297;4703910299;
308771715;3140393452;3140393453;
308771715;3140393453;3140393454;
309387164;3147163296;3147163297;
309425930;3147589758;3147589762;
309425930;3147589762;3147589759;
309425930;3147589759;3147589760;
309425930;3147589760;3147589761;
309425930;3147589761;3147589762;
309548445;3148917487;3148917491;
309548445;3148917491;3148917488;
309548445;3148917488;3148917489;
309548445;3148917489;3148917490;
309550975;3148938210;3148938214;
309550975;3148938214;3148938211;
309550975;3148938211;3148938212;
309550975;3148938212;3148938213;
309550975;3148938213;3148938222;
309550976;3148938224;475073428;
309550976;475073428;3148938216;
309550976;3148938216;3148938217;
309550976;3148938217;3148938218;
309550976;3148938218;3148938219;
309550976;3148938219;5284452313;
309550976;5284452313;5284452314;
309550976;5284452314;3148938220;
309550976;3148938220;3148938221;
309550976;3148938221;3148938222;
309550976;3148938222;3148938223;
309550976;3148938223;475073428;
309609103;3149449339;3396198945;
309609103;3396198945;3149449341;
309609103;3149449341;3149497586;
309609103;3149497586;3149449340;
309609104;3149449341;3147563234;
309609105;3147563234;3149449342;
309609105;3149449342;3149449343;
309609105;3149449343;3149449344;
309609105;3149449344;3151883335;
309609105;3151883335;3149449345;
309609105;3149449345;3149449346;
309609105;3149449346;3151883336;
309613709;3149497574;3149497576;
309613709;3149497576;3149497584;
309613709;3149497584;3149497575;
309613710;474682647;3396198969;
309613710;3396198969;3149497582;
309613710;3149497582;3149497578;
309613711;3149497579;3396198979;
309613711;3396198979;3149497581;
309613711;3149497581;3149497580;
309613712;3149497581;3149497582;
309613712;3149497582;3149497583;
309613712;3149497583;3149497584;
309613712;3149497584;3149497585;
309613712;3149497585;3149497586;
309850502;3396198845;3151894353;
309850502;3151894353;3151894354;
309850504;3151894358;3151894360;
309850504;3151894360;3151894359;
309850505;3151894360;3151895461;
309850506;474544824;3151895462;
309850506;3151895462;3151895463;
309850506;3151895463;3151895464;
309850506;3151895464;3151895465;
309850506;3151895465;3151895466;
309945301;474541524;3152793551;
309945301;3152793551;3152794979;
309945301;3152794979;3152793555;
309945301;3152793555;3152794980;
309945301;3152794980;3152794981;
309945301;3152794981;3152794982;
309946468;3152805767;3152805768;
309946468;3152805768;3152805769;
309946468;3152805769;3152805777;
309946468;3152805777;3152805770;
309946468;3152805770;3152805771;
309946468;3152805771;3152805772;
309946468;3152805772;3152805773;
309946468;3152805773;3152805774;
309946469;3152805766;3152805775;
309946469;3152805775;3152805778;
309946469;3152805778;3152805776;
309946469;3152805776;3152805777;
309946470;3152805778;3152805779;
309946470;3152805779;3152805780;
309946471;3152805779;3152805781;
309983298;3153341344;3153341345;
309983298;3153341345;3396198846;
309983298;3396198846;3153341346;
309983298;3153341346;3153341347;
309983298;3153341347;3153341348;
309983298;3153341348;3153342963;
309983298;3153342963;3153342968;
309983298;3153342968;3153342965;
309983298;3153342965;3153341349;
309983298;3153341349;3153341350;
309983298;3153341350;3153341351;
309983298;3153341351;3153341352;
309983298;3153341352;3153341353;
309983298;3153341353;3153341354;
309983298;3153341354;3153341355;
309983298;3153341355;3153341356;
309983298;3153341356;3153341357;
309983298;3153341357;3153341358;
309983298;3153341358;3153341359;
309983298;3153341359;3153341360;
309983299;3153342961;3153342962;
309983299;3153342962;3153341347;
309983300;3153342963;3153342964;
309983301;3153342965;3153342966;
310304680;3157212422;3157212423;
310305518;3157226903;3157229007;
310305518;3157229007;3157245367;
310305518;3157245367;3157245366;
310305518;3157245366;3157237201;
310305518;3157237201;3157229028;
310305518;3157229028;3157226906;
310408556;3158291752;3158291753;
310408556;3158291753;3158291754;
310408556;3158291754;3158291755;
310408556;3158291755;3158291756;
310408556;3158291756;3158291757;
310408556;3158291757;3158291758;
310408556;3158291758;3158291759;
310408556;3158291759;3158291760;
310408556;3158291760;3158294361;
310408556;3158294361;3158291752;
310408556;3158291752;3158294362;
310408556;3158294362;3147570616;
310408556;3147570616;3158294363;
310746310;3162256068;3162256069;
310746310;3162256069;3162256070;
310746310;3162256070;3162256071;
310746310;3162256071;3162256072;
310746310;3162256072;3162256073;
310746311;3162256071;3162256074;
310786269;474676240;474676238;
310892311;3163927496;3163927502;
310892311;3163927502;3163927497;
310892312;3163927498;3163927497;
310892312;3163927497;3163927500;
310892312;3163927500;3163927499;
310892313;3163927500;3163927501;
318745009;475352608;5284452301;
318745009;5284452301;5284452300;
318745009;5284452300;475352085;
318745009;475352085;5284452299;
318745009;5284452299;475352084;
318745009;475352084;1788787242;
332479933;3396198846;3153361319;
332479936;3396198983;473859170;
332479936;473859170;3396198982;
336758567;4751728939;4751728943;
336758567;4751728943;4751728935;
350915450;138252374;4492375365;
350915450;4492375365;25632521;
350915450;25632521;25632466;
350915450;25632466;4751728019;
350915450;4751728019;5279422233;
350915450;5279422233;2053571360;
350915450;2053571360;25632429;
350915450;25632429;3563651998;
350915450;3563651998;126647309;
350915450;126647309;4720971819;
350915450;4720971819;4720971829;
350915450;4720971829;126646458;
350915450;126646458;129555296;
350915451;138252374;513921037;
351205816;3569459093;3569459094;
351205818;3569459095;3569459094;
351205818;3569459094;3569459096;
351205818;3569459096;3569459097;
351205818;3569459097;3569459098;
351205818;3569459098;3569459099;
351205818;3569459099;3569459100;
386286207;3896082287;3896082293;
386286208;343646686;3896082286;
386286209;3896082293;343646686;
386440056;3897692279;5284495411;
386440056;5284495411;3897692277;
386440056;3897692277;5284495409;
386440056;5284495409;5284495410;
386440056;5284495410;3897692275;
386440057;3897692274;5284495412;
386440057;5284495412;3897692276;
386440057;3897692276;5284495413;
386440057;5284495413;5284495414;
386440057;5284495414;3897692278;
386440344;3897692178;3897692185;
386440344;3897692185;475352608;
386690150;3900445951;3900445952;
388048413;4703906251;4612052778;
388048413;4612052778;5284395818;
388048413;5284395818;4246373462;
388048413;4246373462;4246373461;
388048413;4246373461;4246373463;
388048413;4246373463;5284404374;
388048413;5284404374;5284404375;
388048413;5284404375;4612052787;
388048413;4612052787;4703906242;
388048413;4703906242;5284395819;
388048413;5284395819;4612052788;
388048413;4612052788;5284404376;
388048413;5284404376;4703906241;
388048413;4703906241;1216789877;
388048413;1216789877;4612053589;
388048413;4612053589;4703906243;
388048413;4703906243;4612053590;
388048413;4612053590;5284452286;
388048413;5284452286;4612052786;
388048413;4612052786;5284452288;
388048413;5284452288;2455291504;
388048413;2455291504;4703906249;
388048413;4703906249;473859815;
388048416;138208397;4612052763;
388048416;4612052763;5284395813;
388048416;5284395813;4612052760;
388048416;4612052760;4612052761;
388048416;4612052761;4703906264;
388048416;4703906264;5284395814;
388048416;5284395814;4612052759;
388048416;4612052759;5284395812;
388048416;5284395812;1111353963;
388048416;1111353963;5284395811;
388048416;5284395811;4703906266;
388048416;4703906266;4703906267;
388048416;4703906267;474729164;
405520660;4077112087;5310412083;
405520660;5310412083;4077112090;
405520660;4077112090;5310412081;
405520660;5310412081;4077112092;
405520660;4077112092;5310412082;
405520660;5310412082;4077112088;
424745508;4488733076;4488733075;
424745508;4488733075;4241285267;
424745508;4241285267;4241285268;
425318823;1216789877;126604789;
434872537;129953504;455341194;
434872537;455341194;1417675671;
434872538;452682289;452682297;
434872539;25632375;452682304;
434872539;452682304;452682268;
434872539;452682268;5284368071;
434872539;5284368071;452682289;
434872540;1110698243;1110698272;
434872540;1110698272;452682285;
434872540;452682285;452682286;
434872540;452682286;452682289;
434872540;452682289;452682292;
434872540;452682292;1110698259;
434872540;1110698259;1110698250;
434872540;1110698250;4708512454;
434872540;4708512454;1110698278;
434872540;1110698278;4708512452;
434872540;4708512452;4708512440;
434872541;25632375;5284368076;
434878391;299610700;773982493;
434878391;773982493;4792263730;
434878391;4792263730;299611055;
434878391;299611055;3897692275;
434878391;3897692275;3897692274;
434878391;3897692274;4792263731;
434878391;4792263731;2585736133;
434878391;2585736133;3897692272;
434878391;3897692272;299611292;
434878391;299611292;1842003094;
434878391;1842003094;5284495418;
434878391;5284495418;299610698;
434879923;1548515355;5291836447;
434879923;5291836447;1548540067;
434879923;1548540067;1223751803;
434879924;129953505;5284452298;
434879924;5284452298;335561064;
434879924;335561064;3897692092;
434879924;3897692092;137982795;
434882601;126604789;475360028;
434882601;475360028;475360031;
434882601;475360031;475360033;
434882601;475360033;475360035;
434882601;475360035;137981937;
434882601;137981937;475360037;
434882601;475360037;1252543215;
434882601;1252543215;475360038;
434882601;475360038;1416641676;
434882601;1416641676;475049092;
446857819;4440811616;4440811615;
446857820;4440811615;4440811617;
448195874;4452315916;4452315926;
448195874;4452315926;4452315917;
448195874;4452315917;4452315927;
448195874;4452315927;4452315918;
448195875;4452315916;4452315919;
448195875;4452315919;4452315920;
448195875;4452315920;4452315921;
448195876;4452315920;4452315924;
448195876;4452315924;4452315922;
448195876;4452315922;4452315925;
448195876;4452315925;4452315923;
448195877;402016670;4452315928;
448195877;4452315928;4452315929;
448195877;4452315929;4452315930;
448195878;4452315932;4452315936;
448195879;4452315933;4452315934;
448195879;4452315934;4452315935;
448195880;4452315936;4452315933;
448195881;4452315940;474728395;
448195881;474728395;474701473;
448195881;474701473;474728398;
448195881;474728398;122452434;
448568807;5310457042;343646752;
448568807;343646752;4526688731;
448568807;4526688731;343646737;
448568807;343646737;343646738;
448568807;343646738;343646731;
448568810;343646740;343646734;
448568815;343646734;4455723347;
448568815;4455723347;474787961;
448568815;474787961;474787960;
448568815;474787960;474818251;
448809956;4457851535;5329555479;
448809956;5329555479;4457851536;
448809958;474799742;474800738;
448809960;474797441;474797443;
448809960;474797443;5329555460;
448809960;5329555460;474797448;
448809960;474797448;474797429;
448867783;4246373461;4612053592;
448867783;4612053592;4612053591;
448867783;4612053591;474780271;
448867783;474780271;4612053593;
448867783;4612053593;4612053594;
448867783;4612053594;474780284;
448867783;474780284;474780307;
448867783;474780307;474780313;
448867783;474780313;473859168;
448867783;473859168;473849954;
448867786;2455291500;4703906255;
448867786;4703906255;473859811;
448867786;473859811;5284395808;
448867786;5284395808;4612052767;
448867786;4612052767;1216466345;
448867786;1216466345;473859812;
448867786;473859812;473859813;
448867786;473859813;4703906254;
448867786;4703906254;4612052776;
448867786;4612052776;5284395816;
448867786;5284395816;5284395817;
448867786;5284395817;4703906251;
448867786;4703906251;4612052777;
448867786;4612052777;5284395815;
448867786;5284395815;4612052775;
448867786;4612052775;4703906252;
448867786;4703906252;473859815;
448867786;473859815;4703906250;
448867786;4703906250;2455291502;
448867786;2455291502;4612052774;
448867786;4612052774;138208397;
448867786;138208397;4612052764;
448867786;4612052764;4703906263;
448867786;4703906263;473869781;
448867786;473869781;4703906262;
448867786;4703906262;4612052765;
448867786;4612052765;4703906261;
448867786;4703906261;1111353960;
448867786;1111353960;4703906260;
448867786;4703906260;474729164;
448867786;474729164;5284395810;
448867786;5284395810;4612052768;
448867786;4612052768;5284395809;
448867786;5284395809;2455291500;
448867798;128560437;128560439;
448867798;128560439;128560441;
448867798;128560441;128560443;
448867798;128560443;4457834696;
448867798;4457834696;1216466457;
448867798;1216466457;425725652;
448867798;425725652;474797429;
448867798;474797429;474794842;
448867798;474794842;128560446;
448869504;2363578524;5291597581;
448869504;5291597581;5284320777;
448869504;5284320777;5065064563;
448869504;5065064563;126617351;
449219866;299611684;4461909649;
449219870;4461909645;4461909651;
449219870;4461909651;4461909652;
449219870;4461909652;4461909653;
449219870;4461909653;4461909650;
449447641;4464000788;2517562447;
449447641;2517562447;5291598293;
449447641;5291598293;4464000792;
449447641;4464000792;2517562445;
449447641;2517562445;2517562443;
449447641;2517562443;4464000791;
449447641;4464000791;428050294;
449447641;428050294;4464000790;
449447641;4464000790;428050290;
452072992;4488733043;4488733044;
452072993;4488733043;501225787;
452072994;4488733046;501252596;
452072994;501252596;501252500;
452072998;4488733049;4488733050;
452073000;501252472;1110691349;
452073000;1110691349;4685354805;
452073000;4685354805;4685354804;
452073000;4685354804;501252476;
452073000;501252476;4488733049;
452073000;4488733049;4685354803;
452073000;4685354803;501252495;
452073000;501252495;501252500;
452073000;501252500;129552044;
452073003;129552044;129550139;
452073003;129550139;4488733063;
452073003;4488733063;5291542299;
452073003;5291542299;4488733064;
452073003;4488733064;129550745;
452073003;129550745;4488733065;
452073003;4488733065;129550744;
452073003;129550744;501225708;
452073003;501225708;4488733066;
452073003;4488733066;129550851;
452073004;129552044;501225800;
452073004;501225800;501225766;
452073004;501225766;1887601114;
452073004;1887601114;5268162906;
452073004;5268162906;129552512;
452073007;501225739;1110690935;
452073007;1110690935;25632450;
452076898;137994583;5291538853;
452076898;5291538853;5291538852;
452076898;5291538852;5291538851;
452076898;5291538851;5291538854;
452076898;5291538854;5291538848;
452076898;5291538848;129548927;
452076898;129548927;137992808;
452076898;137992808;137994581;
452076898;137994581;129552046;
452076977;475392099;4488775694;
452076978;4488775694;4488775697;
452076978;4488775697;4488775695;
452076978;4488775695;4488775696;
452076978;4488775696;5494270498;
452076978;5494270498;4762419638;
452441978;4492375358;5268149579;
452441978;5268149579;4492375362;
452441978;4492375362;5268149580;
452441978;5268149580;4492375363;
452441983;4492375894;4753748906;
452441983;4753748906;4753748909;
452441983;4753748909;4753748907;
452441983;4753748907;4753748908;
452441983;4753748908;4492375895;
452441983;4492375895;4753748910;
452441983;4753748910;4492375896;
452441983;4492375896;4753748911;
452441983;4753748911;4753748912;
452441983;4753748912;4492375897;
452441983;4492375897;4492375898;
452441983;4492375898;4492375899;
452441983;4492375899;4753748913;
452441983;4753748913;4492375900;
452441983;4492375900;4492375901;
452441983;4492375901;4753748914;
452441983;4753748914;4492375902;
452441983;4492375902;4753748917;
452441983;4753748917;4753748916;
452441983;4753748916;4753748915;
452441984;4492375903;4492375904;
452441985;4492375905;4492375906;
452441986;4492375907;4492375908;
452441987;4492375909;4492375910;
452441988;4492375911;4492375912;
452441989;4492375913;4492375914;
452441990;4492375915;4492375916;
452441993;1043000761;1043000754;
452441996;513921226;5268149598;
452441996;5268149598;5268149595;
452441996;5268149595;5268149596;
452441996;5268149596;5268149593;
452441996;5268149593;5268149592;
452441996;5268149592;513921213;
453761206;126617427;474682657;
453761206;474682657;474683167;
453761206;474683167;475081801;
453761206;475081801;2165604353;
453761206;2165604353;475082799;
453761206;475082799;474676240;
453761206;474676240;343646851;
453761206;343646851;3162256073;
453761206;3162256073;3162256068;
453761206;3162256068;126617428;
453761207;126617430;3897692248;
453761207;3897692248;3897692242;
453761207;3897692242;129548930;
453761208;126617430;3897692246;
453761209;3897692246;3897692245;
453761209;3897692245;126617431;
453761210;137992807;3896082253;
453761210;3896082253;473240009;
453761210;473240009;126617431;
453761210;126617431;5291597588;
453761210;5291597588;1165603985;
453761210;1165603985;5291597589;
453761210;5291597589;1165604004;
453761210;1165604004;5291597590;
453761210;5291597590;1165604071;
453761210;1165604071;122452424;
453761210;122452424;3896082255;
453761210;3896082255;5291597591;
453761210;5291597591;5291597592;
453761210;5291597592;3896082258;
453761210;3896082258;1165604038;
453761210;1165604038;3896082259;
453761211;126617431;5268162905;
453761211;5268162905;3897692239;
453761211;3897692239;4685354794;
453761211;4685354794;4685354795;
453761211;4685354795;126617433;
453761213;126617433;2363578528;
453761690;5284320721;5284320747;
453761690;5284320747;5284320519;
453761690;5284320519;5284320778;
453761690;5284320778;3897692259;
453761690;3897692259;5284320515;
453761690;5284320515;2363578556;
453761690;2363578556;3897692257;
453761690;3897692257;4567794733;
453761690;4567794733;4612522510;
453761690;4612522510;2363578534;
453761690;2363578534;4569028558;
453761690;4569028558;5284320786;
453761690;5284320786;5054999727;
453761690;5054999727;4751793169;
453761690;4751793169;4569028557;
453761690;4569028557;5284320514;
453761690;5284320514;2363578528;
453761690;2363578528;2363578524;
453761690;2363578524;4751793170;
453761690;4751793170;4569028555;
453761690;4569028555;5284320513;
453761690;5284320513;2363578526;
453761690;2363578526;5065064557;
453761690;5065064557;4569028556;
453761690;4569028556;5284320776;
453761690;5284320776;5291597580;
453761690;5291597580;2363578530;
453761690;2363578530;2196549040;
453761690;2196549040;5284320516;
453761690;5284320516;3569468993;
453761690;3569468993;5284320517;
453761690;5284320517;4567794750;
453761690;4567794750;5291597579;
453761690;5291597579;5284320518;
453761690;5284320518;126634476;
453761690;126634476;299611700;
453761690;299611700;5284320721;
453762038;126617352;126617354;
453762039;25632463;4241285268;
453762039;4241285268;5268154586;
453762039;5268154586;138197779;
453762039;138197779;513921171;
453762039;513921171;513920936;
453762039;513920936;126617354;
453762039;126617354;402007436;
453762039;402007436;411842220;
453762039;411842220;122452414;
453762040;126617354;513920996;
453762110;513920996;4751793166;
453762110;4751793166;4751793167;
453762110;4751793167;4751793168;
453762110;4751793168;4751793164;
453762149;404770462;4473312701;
453762149;4473312701;299614252;
453762943;126600950;4749945209;
453762943;4749945209;3117707239;
453762943;3117707239;126600953;
453762943;126600953;126600955;
453762943;126600955;126600958;
453762943;126600958;1216466378;
453762943;1216466378;126600959;
453762943;126600959;474385797;
453762943;474385797;474549060;
453762943;474549060;126617427;
453762944;126600959;475044410;
453762944;475044410;138208872;
453762944;138208872;474552495;
453762944;474552495;474541483;
453762944;474541483;4612052766;
453762946;4440811616;126600959;
453762947;122452434;4440811616;
453762948;5284320721;5056483298;
453762948;5056483298;343646659;
453762948;343646659;122452424;
453762948;122452424;122452425;
453762948;122452425;122452427;
453762948;122452427;474559375;
453762948;474559375;122452429;
453762948;122452429;343646831;
453762948;343646831;4612063037;
453762948;4612063037;3163927496;
453762948;3163927496;4612063038;
453762948;4612063038;474691686;
453762948;474691686;474546948;
453762948;474546948;474694626;
453762948;474694626;474695389;
453762948;474695389;475329142;
453762948;475329142;475328017;
453762948;475328017;474697403;
453762948;474697403;122452434;
453762948;122452434;4505281863;
453762948;4505281863;4505281867;
453762948;4505281867;343646818;
453847706;475333883;5291509680;
453847706;5291509680;5291509681;
453847706;5291509681;5291509679;
453847706;5291509679;5291509682;
453847706;5291509682;4505281855;
453847708;4505281855;4505281856;
453847710;4505281856;4505281857;
453847710;4505281857;5291509678;
453847710;5291509678;5291509677;
453847710;5291509677;4505281858;
453847710;4505281858;4505281859;
453847712;4505281864;4505281865;
453847712;4505281865;4573825423;
453847712;4573825423;4505281866;
453847712;4505281866;4505281867;
453847715;2689537157;2689537158;
453847715;2689537158;4598508659;
453847715;4598508659;343646741;
456405091;4526688740;4526688747;
456405091;4526688747;4526688744;
456405091;4526688744;4526688741;
456405091;4526688741;4526688742;
456405091;4526688742;4526688743;
456405092;4526688744;4526688745;
456405093;4526688746;4526688747;
456405094;474800738;4685392649;
456405094;4685392649;474799754;
456405094;474799754;4685392648;
456405094;4685392648;474799757;
456405094;474799757;4685392647;
456405094;4685392647;4526688737;
456405094;4526688737;4685392646;
456405094;4685392646;474799758;
456405095;474800746;4526688748;
456405095;4526688748;4526688749;
456405095;4526688749;4526688750;
456405095;4526688750;4526688751;
456405096;4526688752;4526688753;
456405096;4526688753;4526688754;
456405097;4526688755;4526688756;
456405097;4526688756;4526688757;
456405100;474690456;5329555463;
456405100;5329555463;5329555461;
456405100;5329555461;5329555462;
456405100;5329555462;474690455;
456405100;474690455;2585539003;
456405100;2585539003;2585539002;
456405100;2585539002;1216466336;
456405100;1216466336;343646831;
461937903;4753741829;2165544754;
461937903;2165544754;299614329;
461937903;299614329;404770462;
461937904;299614252;138195667;
461937904;138195667;138196594;
461937904;138196594;3092747271;
461937904;3092747271;4473312698;
461937904;4473312698;4473312695;
461937904;4473312695;4473312699;
461937904;4473312699;122452407;
461937916;513931881;4492375916;
461937916;4492375916;4492375911;
461937916;4492375911;513936347;
461937916;513936347;4492375913;
461937916;4492375913;4492375910;
461937916;4492375910;4492375907;
461937916;4492375907;4492375894;
461937916;4492375894;4492375905;
461937916;4492375905;4492375903;
461937916;4492375903;513931856;
466401601;4612022408;4612022409;
466401605;4612022450;4612022451;
466401605;4612022451;4612022454;
466401605;4612022454;4612022452;
466401605;4612022452;4612022453;
466401606;4612022454;4612022455;
466401606;4612022455;4612022456;
466401606;4612022456;4612022457;
466401606;4612022457;4612022458;
466401606;4612022458;4612022459;
466401606;4612022459;4612022460;
466401606;4612022460;4612022461;
466401606;4612022461;4612022462;
466401606;4612022462;4612022463;
466401606;4612022463;4612022464;
466401606;4612022464;4612022465;
466401606;4612022465;4612022452;
466403882;4612052768;4703906256;
466403882;4703906256;4612052773;
466403882;4612052773;4703906257;
466403882;4703906257;4703906259;
466403882;4703906259;4612052766;
466403882;4612052766;4703906258;
466403882;4703906258;4612052769;
466403882;4612052769;4612052770;
466403882;4612052770;4612052771;
466403882;4612052771;1216466345;
466403883;4612052786;5284452291;
466403883;5284452291;4612052785;
466403883;4612052785;5284452287;
466403883;5284452287;4612052784;
466403883;4612052784;5284452290;
466403883;5284452290;5284395820;
466403883;5284395820;5284452289;
466403883;5284452289;138210915;
466403883;138210915;4612052782;
466403883;4612052782;5284404521;
466403883;5284404521;5284404522;
466403883;5284404522;2455291504;
466406690;3163927496;4612063033;
466406690;4612063033;4612063034;
466406690;4612063034;4612063039;
466406690;4612063039;4612063035;
466406690;4612063035;4612063036;
466406690;4612063036;4612063040;
466457054;4567794733;4612522530;
466457054;4612522530;4612522495;
466457054;4612522495;4612522496;
466457054;4612522496;4612522497;
466457054;4612522497;4612522498;
466457054;4612522498;4612522499;
466457054;4612522499;4612522500;
466457054;4612522500;4612522501;
466457054;4612522501;4612522502;
466457054;4612522502;4612522503;
466457054;4612522503;4612522504;
466457054;4612522504;4612522505;
466457054;4612522505;4612522506;
466457054;4612522506;4612522507;
466457054;4612522507;4612522508;
466457054;4612522508;4612522509;
466457054;4612522509;4612522529;
466457054;4612522529;4612522510;
474622108;4685339957;4685339958;
474622108;4685339958;4685339968;
474622108;4685339968;4685339959;
474622108;4685339959;4685339960;
474622108;4685339960;4685339961;
474622108;4685339961;4685339962;
474622108;4685339962;4685339963;
474622108;4685339963;4685339964;
474622108;4685339964;4685339965;
474622108;4685339965;4685339966;
474622108;4685339966;4685339967;
477518914;4708552365;5329555444;
477518914;5329555444;5329555446;
477518914;5329555446;4708552366;
477518914;4708552366;4708552371;
477518914;4708552371;5329555447;
477518914;5329555447;4708552370;
477518914;4708552370;5329555445;
477518914;5329555445;4708552367;
477518914;4708552367;5329555442;
477518914;5329555442;5329555443;
477518914;5329555443;4708552368;
477518914;4708552368;4708552369;
477518915;4708552372;4708552373;
477518915;4708552373;4708552374;
477518915;4708552374;4708552375;
477518915;4708552375;4708552376;
477518915;4708552376;4708552378;
477518915;4708552378;4708552387;
477518915;4708552387;4708552377;
477518916;4708552378;4708552379;
477518916;4708552379;4708552380;
477518916;4708552380;4708552381;
477518916;4708552381;4708552382;
477518916;4708552382;4708552383;
477518916;4708552383;4708552384;
477518916;4708552384;4708552385;
477518916;4708552385;4708552386;
477518916;4708552386;4708552387;
477518917;299611401;4708552388;
477518918;4708552689;4708552690;
477518918;4708552690;4708552691;
477518918;4708552691;4708552692;
477518918;4708552692;4708552693;
477518919;4708552694;4708552695;
477518919;4708552695;4708552696;
477518919;4708552696;4708552697;
477518919;4708552697;4708552698;
477518920;4708552699;4708552700;
477518920;4708552700;4708552701;
477518920;4708552701;4708552702;
477518920;4708552702;4708552703;
477518920;4708552703;4708552704;
477518921;299612407;4708552705;
477518921;4708552705;4708552706;
477518921;4708552706;4708552707;
477518921;4708552707;4708552708;
477518921;4708552708;4708552709;
477518921;4708552709;4708552710;
477518921;4708552710;4708552705;
477518922;299612408;4708552711;
477518925;299611379;299611395;
477518925;299611395;299611377;
477518925;299611377;4708552720;
477518925;4708552720;299611394;
477518925;299611394;4708552721;
477518925;4708552721;299611375;
477518925;299611375;299611403;
477518925;299611403;2363578580;
477518925;2363578580;2363578582;
477518925;2363578582;2363578583;
477518925;2363578583;299611392;
480741635;4737123053;4737122505;
482122892;474681722;4749945337;
482122892;4749945337;474681724;
482122892;474681724;4749945336;
482122892;4749945336;3103762792;
482122892;3103762792;474681726;
482122892;474681726;474681732;
482122892;474681732;3149449339;
482122892;3149449339;474681734;
482122892;474681734;3121467180;
482122892;3121467180;474681737;
482122892;474681737;3149497574;
482122892;3149497574;474681738;
482122892;474681738;474682647;
482122892;474682647;474683172;
482122893;474681709;474681711;
482122893;474681711;474681715;
482122893;474681715;474681718;
482122893;474681718;474681720;
482122893;474681720;474681722;
482122894;2397188712;474677911;
482122894;474677911;474677914;
482122894;474677914;474677917;
482122894;474677917;2397184730;
482122894;2397184730;474677919;
482122894;474677919;474677934;
482122896;4685354800;4685354801;
482122896;4685354801;473240006;
482122897;473240006;4488733077;
482122897;4488733077;3900445951;
482299112;4751434514;4753732506;
482299112;4753732506;427277908;
482324635;4751728939;4751728926;
482324635;4751728926;4751728925;
482324635;4751728925;3563723607;
482324646;138196594;4473358625;
482324646;4473358625;5305836814;
482324646;5305836814;138196470;
482324647;4751728994;5305836820;
482324647;5305836820;4473312705;
482324647;4473312705;3570147015;
482324647;3570147015;253283034;
482324649;4751729025;299614426;
482324649;299614426;411616468;
482324649;411616468;299614331;
482324649;299614331;3569459093;
482324649;3569459093;299614329;
482324651;427277909;5305837227;
482324651;5305837227;138194473;
482327707;4753741829;299614580;
482327707;299614580;299614365;
482327707;299614365;5268149570;
482327707;5268149570;4751728989;
482327707;4751728989;138194473;
482331421;414128969;4751793138;
482331421;4751793138;4751793136;
482331421;4751793136;4751793135;
482331421;4751793135;4751793137;
482331421;4751793137;4751793164;
482331422;4751793164;4751793142;
482331422;4751793142;4751793139;
482331422;4751793139;4751793141;
482331422;4751793141;4751793143;
482331422;4751793143;4751793140;
482331422;4751793140;1788787958;
482331422;1788787958;4473312700;
482331422;4473312700;404770462;
482331424;4473312168;1541417335;
482331424;1541417335;5291836418;
482331424;5291836418;299575942;
482331424;299575942;773982486;
482331424;773982486;299610705;
482331424;299610705;3897692280;
482331424;3897692280;2295955853;
482331424;2295955853;299610700;
482331424;299610700;299575943;
482331424;299575943;416355034;
482331424;416355034;4492375941;
482331424;4492375941;299611716;
482331424;299611716;299611755;
482331424;299611755;299575944;
482331424;299575944;299611700;
482561037;4753732506;4753732507;
482561037;4753732507;4753732515;
482561037;4753732515;4753732514;
482561037;4753732514;4753732508;
482561037;4753732508;4753732509;
482561037;4753732509;4753732510;
482561037;4753732510;4753732511;
482561037;4753732511;4751519368;
482561078;4753733063;4753733064;
482561078;4753733064;4753733065;
482561078;4753733065;4753733066;
482561078;4753733066;4753733067;
482561078;4753733067;4753733068;
482561078;4753733068;4753733069;
482561078;4753733069;4753733070;
482561078;4753733070;4753733071;
482561078;4753733071;4753733072;
482561078;4753733072;4753733073;
482561807;4753741507;5268149578;
482561807;5268149578;5268149577;
482561807;5268149577;5268149576;
482561807;5268149576;4753741493;
482561807;4753741493;3387597862;
482561807;3387597862;4753741482;
482561807;4753741482;4751728924;
482561807;4751728924;4753741483;
482561807;4753741483;513931881;
482561808;4753748896;299614300;
482561808;299614300;5268149581;
482561808;5268149581;4753748894;
482561808;4753748894;4753748899;
482561809;513931856;299614515;
482561809;299614515;5329531883;
482561809;5329531883;4492375356;
482561809;4492375356;4753741823;
482561809;4753741823;4753741822;
482561809;4753741822;299614524;
482561809;299614524;299614513;
482561809;299614513;4492375358;
482561809;4492375358;4492375357;
482561809;4492375357;4492375359;
482561809;4492375359;4753748897;
482561809;4753748897;4753748896;
482563074;4753748899;513921037;
482563074;513921037;4753748893;
482563074;4753748893;299614301;
482563074;299614301;4753741825;
482563074;4753741825;4753748892;
482563074;4753748892;4753741824;
482563074;4753741824;4972459685;
482563074;4972459685;4753741829;
482563077;4492375900;4753748918;
482563077;4753748918;4753748919;
482563077;4753748919;4753748920;
482563077;4753748920;4753752221;
482563078;4753748918;4753752222;
482563078;4753752222;4753752223;
482563078;4753752223;4753752224;
482563078;4753752224;4753752225;
482563087;4753752246;4753752248;
482563087;4753752248;4753752247;
482563088;4753752248;4753752249;
483497792;4762419635;4762419636;
483497793;4762419637;4762419638;
483497794;4762419636;4762419637;
498298756;25632293;4685392602;
498298756;4685392602;1110698289;
498298756;1110698289;4685392604;
498298756;4685392604;4685392601;
498298756;4685392601;4685392603;
498298756;4685392603;1110698281;
498298756;1110698281;1110698269;
498298756;1110698269;5054992986;
498298756;5054992986;25620653;
498298757;4708512446;4708512443;
498298757;4708512443;4708512447;
498298757;4708512447;5284368074;
498298757;5284368074;4762419635;
498298757;4762419635;1788787061;
498298757;1788787061;4708512448;
498298757;4708512448;4685392610;
498298757;4685392610;1788787052;
498298757;1788787052;4685392609;
498298757;4685392609;5284369690;
498298757;5284369690;5284369689;
498298757;5284369689;5284369692;
498298757;5284369692;4685392608;
498298757;4685392608;5284369691;
498298757;5284369691;4685392607;
498298757;4685392607;5284368093;
498298757;5284368093;25632285;
498298757;25632285;4685392606;
498298757;4685392606;1110698264;
498298757;1110698264;5284368118;
498298757;5284368118;4685392605;
498298757;4685392605;25632293;
507815972;4972459687;4972459686;
545035488;5268149559;1108076389;
545035488;1108076389;299614426;
546885675;5284498235;299610949;
546885675;299610949;5284498238;
546885675;5284498238;418717034;
546885675;418717034;299612350;
546885675;299612350;411502730;
546885675;411502730;2025523130;
546885675;2025523130;299612189;
546885675;299612189;122452412;
546885676;5284498234;5284498235;
546885677;299611684;5284498238;
546885678;299610949;299611684;
547650633;1422610102;475392099;
547650633;475392099;129549662;
547650634;129549662;5291538840;
547650634;5291538840;5291538841;
547650634;5291538841;5291538859;
547650634;5291538859;5291538842;
547650634;5291538842;5291538849;
547650634;5291538849;5291538843;
547650634;5291538843;5291538844;
547650634;5291538844;5291538845;
547650634;5291538845;5291538846;
547650634;5291538846;5291538847;
547650634;5291538847;5291538855;
547650634;5291538855;5291538848;
547689854;406359726;5291836414;
547689854;5291836414;5291836415;
547689854;5291836415;5291836421;
547689854;5291836421;5291836416;
547689854;5291836416;5291836420;
547689854;5291836420;5291836417;
547689854;5291836417;5291836418;
547693392;4792263729;299610766;
547693392;299610766;299610718;
547693392;299610718;299610763;
547693392;299610763;1290733867;
547693392;1290733867;408438890;
547693392;408438890;3897692278;
547693392;3897692278;3897692279;
547693392;3897692279;418198684;
547693392;418198684;1165604056;
547693392;1165604056;5284495407;
547693392;5284495407;5284495406;
547693392;5284495406;5284495405;
547693392;5284495405;5284495404;
547693392;5284495404;5284495408;
547693392;5284495408;299610705;
549266399;4751728983;4751755880;
549266399;4751755880;5305837224;
549266400;138194473;5305837226;
549266400;5305837226;4751728983;
549266401;5305837224;5305837225;
549266401;5305837225;126638962;
549266402;4751728980;427277909;
549266403;4751728935;4751728984;
549266404;4751728984;4751729045;
549266404;4751729045;5305837228;
549266404;5305837228;427277909;
549266406;4751728950;5305837229;
549266406;5305837229;4751728939;
549758313;1216466437;5310457047;
549758313;5310457047;5310457046;
549758313;5310457046;1216466427;
549758313;1216466427;5310457045;
549758313;5310457045;1216466372;
549758313;1216466372;5310457044;
549758313;5310457044;5310457048;
549758313;5310457048;343646755;
549758313;343646755;343646741;
549758313;343646741;4598508653;
549758313;4598508653;1216466503;
549758313;1216466503;343646740;
549758313;343646740;3694392898;
549758313;3694392898;3694392899;
549758313;3694392899;3694392900;
549758313;3694392900;3694392901;
549758313;3694392901;3694392902;
549758313;3694392902;3694392903;
549758313;3694392903;3694392904;
549758313;3694392904;3694392905;
549758313;3694392905;3694392910;
549758313;3694392910;3694392906;
549758313;3694392906;3694392907;
549758313;3694392907;3694392908;
551932162;435468997;5329555456;
551932162;5329555456;5329555457;
551932162;5329555457;316511863;
551932163;435468997;2225284288;
571754735;5494270821;5494270820;
571754736;5494270825;5494270824;
571754736;5494270824;5494270823;
571754736;5494270823;5494270822;
571754737;5494270827;5494270826;
571754738;5494270829;5494270828;
571754739;5494270838;5494270837;
571754739;5494270837;5494270836;
571754739;5494270836;5494270835;
571754739;5494270835;5494270834;
571754739;5494270834;5494270827;
571754739;5494270827;5494270829;
571754739;5494270829;5494270833;
571754739;5494270833;5494270832;
571754739;5494270832;5494270831;
571754739;5494270831;5494270830;
571754740;5494270842;5494270841;
571754740;5494270841;5494270840;
571754740;5494270840;5494270839;
571754741;5494270842;4612022408;
571754741;4612022408;475052386;
