25632375;41.1552;-8.610018;-0.1502732;0.7182937
122452424;41.16217;-8.606847;-0.1502178;0.7184154
122452425;41.16248;-8.609223;-0.1502593;0.7184207
122452427;41.16271;-8.611128;-0.1502925;0.7184248
122452429;41.1629;-8.612592;-0.1503181;0.7184281
122452434;41.16391;-8.620702;-0.1504596;0.7184457
126600950;41.16335;-8.624803;-0.1505312;0.7184361
126600953;41.16314;-8.62335;-0.1505059;0.7184324
126600955;41.16298;-8.622668;-0.1504939;0.7184295
126600958;41.16285;-8.622007;-0.1504824;0.7184272
126600959;41.16273;-8.62086;-0.1504624;0.7184252
126617427;41.16237;-8.616489;-0.1503861;0.7184188
126617428;41.16172;-8.611365;-0.1502967;0.7184076
126617430;41.16146;-8.609597;-0.1502658;0.7184031
126617431;41.16104;-8.607491;-0.1502291;0.7183957
128560274;41.15805;-8.61223;-0.1503118;0.7183436
128560275;41.15734;-8.61265;-0.1503191;0.7183312
128560448;41.16499;-8.610975;-0.1502899;0.7184646
128560449;41.16293;-8.611084;-0.1502918;0.7184287
129548927;41.15725;-8.60997;-0.1502723;0.7183295
129548929;41.15873;-8.609937;-0.1502717;0.7183554
129548930;41.16044;-8.609951;-0.150272;0.7183852
129548931;41.1641;-8.608541;-0.1502474;0.718449
129549662;41.15663;-8.611876;-0.1503056;0.7183186
129552046;41.1576;-8.607144;-0.150223;0.7183357
129953504;41.15653;-8.620773;-0.1504609;0.718317
129953505;41.15629;-8.619326;-0.1504356;0.7183127
137992807;41.16012;-8.607918;-0.1502365;0.7183796
137992808;41.15735;-8.609162;-0.1502582;0.7183312
137993129;41.16023;-8.608665;-0.1502496;0.7183816
137993249;41.16068;-8.611591;-0.1503006;0.7183893
137994581;41.15749;-8.608109;-0.1502399;0.7183338
137994583;41.15721;-8.61133;-0.1502961;0.7183288
137994720;41.15899;-8.608397;-0.1502449;0.7183598
138208399;41.15905;-8.62013;-0.1504496;0.718361
138208401;41.15864;-8.619917;-0.1504459;0.7183537
138208872;41.16133;-8.621084;-0.1504663;0.7184007
138209120;41.16153;-8.620632;-0.1504584;0.7184043
280197437;41.1568;-8.609246;-0.1502597;0.7183217
343646659;41.16198;-8.605283;-0.1501905;0.718412
343646818;41.1642;-8.623213;-0.1505035;0.7184508
343646831;41.16309;-8.61425;-0.150347;0.7184315
343646840;41.15936;-8.613678;-0.150337;0.7183663
343646841;41.15917;-8.614017;-0.150343;0.718363
343646851;41.16189;-8.612714;-0.1503202;0.7184106
349907649;41.16033;-8.60989;-0.1502709;0.7183833
349907698;41.15882;-8.610679;-0.1502847;0.718357
349907807;41.16454;-8.610979;-0.1502899;0.7184568
428217533;41.15924;-8.620275;-0.1504522;0.7183642
428217535;41.15898;-8.621011;-0.150465;0.7183596
428217536;41.15886;-8.621706;-0.1504772;0.7183577
428217537;41.1589;-8.622166;-0.1504852;0.7183583
428217538;41.15899;-8.62251;-0.1504912;0.7183598
428217539;41.1591;-8.622787;-0.150496;0.7183617
428217540;41.15939;-8.623222;-0.1505036;0.7183669
473873457;41.15901;-8.609057;-0.1502564;0.7183602
473873458;41.15876;-8.609324;-0.150261;0.718356
473873459;41.15848;-8.609311;-0.1502608;0.718351
473873460;41.15809;-8.609406;-0.1502625;0.7183442
473873461;41.15789;-8.60944;-0.1502631;0.7183407
473873462;41.15775;-8.609495;-0.150264;0.7183383
473873463;41.15762;-8.609593;-0.1502658;0.7183359
473873464;41.15756;-8.609732;-0.1502682;0.718335
473873465;41.15748;-8.609967;-0.1502723;0.7183336
473874237;41.15758;-8.613656;-0.1503367;0.7183352
473874239;41.15769;-8.614063;-0.1503438;0.7183372
473874242;41.15796;-8.61408;-0.1503441;0.7183419
473877733;41.15764;-8.613982;-0.1503423;0.7183363
473877734;41.15807;-8.613791;-0.150339;0.7183439
473877735;41.15837;-8.61369;-0.1503373;0.718349
473877736;41.15875;-8.613706;-0.1503375;0.7183558
473877737;41.15896;-8.613656;-0.1503367;0.7183594
473878705;41.15816;-8.613416;-0.1503325;0.7183453
473878708;41.15849;-8.613324;-0.1503309;0.7183512
473879871;41.15865;-8.612082;-0.1503092;0.718354
473879878;41.15872;-8.612345;-0.1503138;0.7183552
473879884;41.15906;-8.613197;-0.1503287;0.7183611
473879887;41.1586;-8.613306;-0.1503305;0.718353
473880555;41.15893;-8.612823;-0.1503221;0.7183588
473882628;41.15889;-8.613226;-0.1503292;0.7183581
473882633;41.15876;-8.612845;-0.1503225;0.718356
474385797;41.16266;-8.62002;-0.1504477;0.718424
474385798;41.16254;-8.620111;-0.1504493;0.7184218
474385800;41.16215;-8.620477;-0.1504557;0.718415
474385801;41.16203;-8.620569;-0.1504573;0.7184129
474385803;41.16163;-8.62067;-0.1504591;0.718406
474541483;41.16069;-8.621157;-0.1504676;0.7183896
474541486;41.16067;-8.621025;-0.1504653;0.7183892
474541500;41.16061;-8.619825;-0.1504443;0.7183881
474541501;41.1605;-8.61927;-0.1504346;0.7183863
474541502;41.16041;-8.619083;-0.1504314;0.7183847
474541503;41.16032;-8.618919;-0.1504285;0.718383
474541505;41.16019;-8.61869;-0.1504245;0.7183809
474541506;41.16013;-8.618428;-0.15042;0.7183799
474541511;41.16003;-8.618188;-0.1504157;0.7183781
474541515;41.15993;-8.61801;-0.1504126;0.7183763
474541520;41.15955;-8.617918;-0.150411;0.7183697
474541522;41.15941;-8.617806;-0.1504091;0.7183672
474541524;41.15909;-8.617279;-0.1503999;0.7183617
474543238;41.15989;-8.617139;-0.1503974;0.7183756
474544816;41.1574;-8.617462;-0.1504031;0.7183321
474544818;41.1577;-8.617078;-0.1503964;0.7183374
474544821;41.15796;-8.616943;-0.150394;0.7183419
474544824;41.15825;-8.616899;-0.1503932;0.718347
474544829;41.15852;-8.616846;-0.1503923;0.7183517
474544834;41.159;-8.617053;-0.1503959;0.71836
474546948;41.16336;-8.616322;-0.1503832;0.7184362
474546970;41.15916;-8.617103;-0.1503968;0.7183628
474546975;41.16016;-8.617135;-0.1503974;0.7183803
474546977;41.16027;-8.617061;-0.1503961;0.7183822
474546980;41.16064;-8.616847;-0.1503924;0.7183888
474546983;41.16084;-8.616775;-0.1503911;0.7183922
474546985;41.16099;-8.616751;-0.1503907;0.7183948
474546987;41.16126;-8.616696;-0.1503897;0.7183996
474549060;41.16254;-8.618445;-0.1504202;0.7184219
474549070;41.16183;-8.618422;-0.1504198;0.7184095
474549073;41.16164;-8.618417;-0.1504197;0.7184061
474549075;41.16145;-8.618441;-0.1504202;0.7184027
474549077;41.16127;-8.618456;-0.1504204;0.7183997
474549081;41.16112;-8.618559;-0.1504222;0.718397
474549084;41.161;-8.618631;-0.1504235;0.7183949
474549101;41.16137;-8.61975;-0.150443;0.7184015
474549103;41.16144;-8.619957;-0.1504466;0.7184026
474549107;41.16146;-8.620163;-0.1504502;0.7184029
474549109;41.16145;-8.620355;-0.1504536;0.7184027
474549111;41.16143;-8.620499;-0.1504561;0.7184025
474549115;41.16148;-8.620604;-0.1504579;0.7184033
474549120;41.1615;-8.620693;-0.1504595;0.7184036
474551135;41.1609;-8.617927;-0.1504112;0.7183933
474552495;41.16111;-8.621111;-0.1504668;0.7183969
474552497;41.16105;-8.62069;-0.1504594;0.7183959
474552500;41.16097;-8.620185;-0.1504506;0.7183945
474552505;41.16081;-8.619202;-0.1504335;0.7183917
474552506;41.16082;-8.619043;-0.1504307;0.7183918
474552508;41.16087;-8.618893;-0.1504281;0.7183926
474553709;41.1605;-8.619024;-0.1504304;0.7183863
474553711;41.16054;-8.618642;-0.1504237;0.7183869
474553712;41.16059;-8.618573;-0.1504225;0.7183878
474553713;41.16063;-8.618404;-0.1504195;0.7183884
474553715;41.16068;-8.618319;-0.150418;0.7183894
474553716;41.16074;-8.618088;-0.150414;0.7183903
474553717;41.16077;-8.617941;-0.1504114;0.7183911
474556624;41.16132;-8.617843;-0.1504097;0.7184005
474559375;41.16286;-8.612175;-0.1503108;0.7184274
474676238;41.16142;-8.612998;-0.1503252;0.7184023
474676240;41.16192;-8.612946;-0.1503243;0.718411
474676241;41.16126;-8.61307;-0.1503264;0.7183995
474676242;41.16105;-8.613114;-0.1503272;0.7183958
474676243;41.16089;-8.613119;-0.1503273;0.718393
474676244;41.16067;-8.613068;-0.1503264;0.7183892
474676245;41.16053;-8.613042;-0.1503259;0.7183867
474676246;41.16026;-8.613037;-0.1503258;0.7183821
474676247;41.1601;-8.613128;-0.1503274;0.7183793
474676248;41.15998;-8.613222;-0.1503291;0.7183772
474676249;41.15981;-8.613428;-0.1503327;0.7183741
474676250;41.1596;-8.613677;-0.150337;0.7183706
474676251;41.15936;-8.613935;-0.1503415;0.7183664
474677888;41.15919;-8.614038;-0.1503433;0.7183634
474677891;41.15907;-8.614047;-0.1503435;0.7183612
474677896;41.1589;-8.614115;-0.1503447;0.7183583
474677899;41.15845;-8.614223;-0.1503466;0.7183504
474677900;41.15825;-8.614271;-0.1503474;0.718347
474677902;41.15801;-8.614289;-0.1503477;0.7183428
474677907;41.15772;-8.614269;-0.1503474;0.7183377
474677911;41.15754;-8.614246;-0.150347;0.7183346
474677914;41.15704;-8.614094;-0.1503443;0.7183259
474677917;41.15701;-8.614035;-0.1503433;0.7183253
474677919;41.15688;-8.613737;-0.1503381;0.7183231
474677934;41.15663;-8.613067;-0.1503264;0.7183187
474681706;41.15927;-8.614395;-0.1503496;0.7183647
474681707;41.15926;-8.614634;-0.1503537;0.7183646
474681709;41.15929;-8.614795;-0.1503565;0.7183651
474681711;41.15928;-8.614869;-0.1503578;0.718365
474681715;41.15915;-8.615129;-0.1503624;0.7183626
474681718;41.15914;-8.615247;-0.1503644;0.7183625
474681720;41.15919;-8.615564;-0.15037;0.7183633
474681722;41.15924;-8.615799;-0.1503741;0.7183644
474681724;41.15939;-8.616053;-0.1503785;0.7183668
474681726;41.15985;-8.616311;-0.150383;0.718375
474681732;41.16017;-8.616307;-0.1503829;0.7183805
474681734;41.1605;-8.616185;-0.1503808;0.7183862
474681737;41.16072;-8.616029;-0.1503781;0.71839
474681738;41.16093;-8.615907;-0.1503759;0.7183938
474682647;41.16135;-8.615788;-0.1503739;0.7184011
474682657;41.16227;-8.615734;-0.1503729;0.7184171
474683167;41.16223;-8.615441;-0.1503678;0.7184165
474683172;41.16189;-8.615675;-0.1503719;0.7184105
474685694;41.1599;-8.616393;-0.1503844;0.7183758
474685697;41.16004;-8.616472;-0.1503858;0.7183782
474685700;41.16027;-8.616536;-0.1503869;0.7183823
474685704;41.16054;-8.616537;-0.1503869;0.7183869
474685708;41.16069;-8.616544;-0.1503871;0.7183895
474690455;41.16605;-8.613366;-0.1503316;0.7184832
474690456;41.16612;-8.613432;-0.1503327;0.7184844
474690461;41.16629;-8.614506;-0.1503515;0.7184873
474691686;41.16323;-8.615299;-0.1503653;0.718434
474691694;41.16486;-8.614887;-0.1503581;0.7184623
474691703;41.16702;-8.614326;-0.1503484;0.7185
474694139;41.1675;-8.615635;-0.1503712;0.7185084
474694626;41.16351;-8.617477;-0.1504034;0.7184389
474694632;41.16615;-8.617027;-0.1503955;0.7184848
474695389;41.16363;-8.61851;-0.1504214;0.7184409
474695395;41.16407;-8.617378;-0.1504016;0.7184486
474695400;41.16483;-8.61834;-0.1504184;0.7184619
474695427;41.1675;-8.617951;-0.1504116;0.7185084
474697403;41.16385;-8.620239;-0.1504516;0.7184447
474697404;41.16435;-8.620155;-0.1504501;0.7184535
474697405;41.16486;-8.619927;-0.1504461;0.7184623
474701473;41.16531;-8.620506;-0.1504562;0.7184702
474728395;41.16573;-8.620447;-0.1504552;0.7184774
474728398;41.16446;-8.620625;-0.1504583;0.7184554
474789325;41.1676;-8.616792;-0.1503914;0.7185102
474802735;41.16409;-8.612503;-0.1503165;0.7184489
474802741;41.16495;-8.612488;-0.1503163;0.7184639
474802745;41.16564;-8.612898;-0.1503234;0.7184759
474802746;41.16574;-8.612941;-0.1503242;0.7184778
474802747;41.16585;-8.612857;-0.1503227;0.7184796
475044410;41.16221;-8.620948;-0.1504639;0.7184161
475049092;41.15797;-8.62242;-0.1504896;0.7183422
475073403;41.157;-8.61798;-0.1504121;0.7183251
475073406;41.15719;-8.617737;-0.1504079;0.7183285
475073423;41.15715;-8.617583;-0.1504052;0.7183277
475080479;41.16239;-8.614395;-0.1503496;0.7184192
475080487;41.16242;-8.615682;-0.150372;0.7184198
475080491;41.16237;-8.615766;-0.1503735;0.7184188
475081801;41.16214;-8.614721;-0.1503552;0.7184148
475081804;41.1623;-8.614691;-0.1503547;0.7184176
475082788;41.16206;-8.612915;-0.1503237;0.7184135
475082790;41.16208;-8.612961;-0.1503245;0.7184139
475082792;41.16222;-8.614123;-0.1503448;0.7184163
475082794;41.16221;-8.614187;-0.1503459;0.7184161
475082796;41.16214;-8.61424;-0.1503468;0.718415
475082799;41.16207;-8.614233;-0.1503467;0.7184137
475328014;41.16437;-8.619789;-0.1504437;0.7184538
475328017;41.1638;-8.619863;-0.150445;0.7184439
475329138;41.16432;-8.619376;-0.1504365;0.7184529
475329142;41.16375;-8.619472;-0.1504382;0.718443
475352608;41.15691;-8.618069;-0.1504137;0.7183236
475353910;41.15687;-8.61396;-0.150342;0.7183229
475354369;41.15657;-8.614183;-0.1503459;0.7183176
475354371;41.15694;-8.615078;-0.1503615;0.7183242
475354599;41.15723;-8.614882;-0.1503581;0.7183293
475354600;41.15704;-8.614398;-0.1503496;0.7183259
475354682;41.15674;-8.614611;-0.1503533;0.7183207
475360039;41.15754;-8.621644;-0.1504761;0.7183346
475360041;41.15727;-8.62112;-0.1504669;0.7183299
475360043;41.15717;-8.620957;-0.1504641;0.7183282
475360045;41.15707;-8.62084;-0.150462;0.7183264
475360047;41.15697;-8.620786;-0.1504611;0.7183247
475360049;41.15683;-8.620763;-0.1504607;0.7183221
475392102;41.15678;-8.612506;-0.1503166;0.7183213
475394841;41.1576;-8.612338;-0.1503137;0.7183357
475394859;41.15676;-8.612035;-0.1503084;0.7183211
475394871;41.15696;-8.612659;-0.1503193;0.7183245
501252472;41.15581;-8.609249;-0.1502597;0.7183044
1105911801;41.16763;-8.615607;-0.1503707;0.7185107
1107381193;41.16507;-8.617205;-0.1503986;0.718466
1107381206;41.16496;-8.616042;-0.1503783;0.7184641
1107381207;41.16442;-8.620174;-0.1504504;0.7184546
1107381212;41.16518;-8.618285;-0.1504174;0.7184679
1110673577;41.16232;-8.614523;-0.1503518;0.718418
1143316554;41.16233;-8.614356;-0.1503489;0.7184181
1209790928;41.15567;-8.610008;-0.150273;0.718302
1216466336;41.16418;-8.613918;-0.1503412;0.7184504
1216466378;41.16278;-8.621479;-0.1504732;0.7184261
1216466398;41.16484;-8.612439;-0.1503154;0.718462
1216466401;41.16573;-8.618202;-0.150416;0.7184776
1216789880;41.15891;-8.621306;-0.1504702;0.7183584
1216789882;41.15911;-8.613848;-0.15034;0.718362
1216789883;41.15903;-8.61198;-0.1503074;0.7183607
1216789885;41.15955;-8.613129;-0.1503275;0.7183697
1216789889;41.15921;-8.622996;-0.1504997;0.7183638
1216789894;41.15955;-8.61185;-0.1503051;0.7183697
1216789896;41.15956;-8.613037;-0.1503258;0.7183699
1293997458;41.15934;-8.613442;-0.1503329;0.7183661
1293997461;41.15931;-8.61349;-0.1503338;0.7183655
1293997462;41.15947;-8.613362;-0.1503315;0.7183683
1293997463;41.15936;-8.613379;-0.1503318;0.7183663
1416641674;41.1579;-8.622285;-0.1504873;0.7183408
1422610108;41.15713;-8.612598;-0.1503182;0.7183275
1422610110;41.15718;-8.612742;-0.1503207;0.7183282
1788787124;41.15519;-8.609235;-0.1502595;0.7182935
1788787593;41.15709;-8.60924;-0.1502596;0.7183268
1788787713;41.15748;-8.614721;-0.1503552;0.7183335
1887601111;41.15885;-8.609189;-0.1502587;0.7183575
1887601117;41.15862;-8.609364;-0.1502617;0.7183534
1887601140;41.15825;-8.609324;-0.1502611;0.718347
2165604353;41.16208;-8.614329;-0.1503484;0.7184139
2165604357;41.16204;-8.614335;-0.1503485;0.7184132
2165604359;41.16122;-8.614504;-0.1503514;0.7183987
2397184730;41.15692;-8.61383;-0.1503397;0.7183238
2397188708;41.15696;-8.615723;-0.1503727;0.7183245
2397188709;41.15755;-8.614697;-0.1503548;0.7183348
2397188710;41.15683;-8.616476;-0.1503859;0.7183222
2397188712;41.15763;-8.614258;-0.1503472;0.7183362
2397188714;41.15759;-8.614542;-0.1503521;0.7183354
2397188716;41.15738;-8.615062;-0.1503612;0.7183317
2397188717;41.15702;-8.615536;-0.1503695;0.7183256
2397188718;41.15724;-8.615064;-0.1503612;0.7183293
2397188719;41.15709;-8.615397;-0.1503671;0.7183268
2397188720;41.15689;-8.61583;-0.1503746;0.7183233
2397188721;41.15691;-8.615813;-0.1503743;0.7183236
2397188722;41.15747;-8.614921;-0.1503587;0.7183333
2397188723;41.15708;-8.614985;-0.1503599;0.7183266
2397188726;41.15726;-8.614957;-0.1503594;0.7183297
2397188728;41.15715;-8.615347;-0.1503662;0.7183278
2397188730;41.15731;-8.615152;-0.1503628;0.7183305
2397188731;41.15725;-8.615225;-0.150364;0.7183295
2397460873;41.15814;-8.614073;-0.1503439;0.718345
2397460874;41.15866;-8.613933;-0.1503415;0.7183542
2585539002;41.16426;-8.613888;-0.1503407;0.7184519
2585539003;41.16479;-8.613733;-0.150338;0.7184612
2585545679;41.16444;-8.6085;-0.1502467;0.718455
2585545686;41.1647;-8.612439;-0.1503154;0.7184595
2585545688;41.16319;-8.60893;-0.1502542;0.7184331
3103762792;41.15952;-8.616195;-0.150381;0.7183692
3103762794;41.15888;-8.616991;-0.1503949;0.7183579
3103770912;41.15927;-8.614552;-0.1503523;0.7183647
3103787337;41.16161;-8.614424;-0.1503501;0.7184056
3103787350;41.15971;-8.614669;-0.1503543;0.7183725
3117018924;41.1642;-8.618432;-0.15042;0.7184509
3117707239;41.16325;-8.623896;-0.1505154;0.7184343
3121467180;41.16057;-8.616136;-0.1503799;0.7183874
3121467181;41.16069;-8.616337;-0.1503834;0.7183896
3121467182;41.1606;-8.616284;-0.1503825;0.718388
3121467183;41.16064;-8.616338;-0.1503835;0.7183888
3140319385;41.1576;-8.614464;-0.1503507;0.7183356
3140361000;41.15763;-8.618076;-0.1504138;0.7183362
3140361001;41.15769;-8.618067;-0.1504136;0.7183372
3140361002;41.15779;-8.617874;-0.1504103;0.7183389
3140361003;41.15766;-8.617492;-0.1504036;0.7183366
3140385688;41.1606;-8.618849;-0.1504273;0.718388
3140385689;41.1607;-8.618735;-0.1504253;0.7183897
3140385690;41.16089;-8.618824;-0.1504268;0.7183931
3140385691;41.1605;-8.618897;-0.1504281;0.7183863
3140393452;41.1614;-8.619805;-0.150444;0.718402
3140393453;41.16168;-8.61914;-0.1504324;0.7184068
3140393454;41.16167;-8.618925;-0.1504286;0.7184067
3147163296;41.16057;-8.61305;-0.1503261;0.7183875
3147163297;41.16051;-8.613445;-0.150333;0.7183864
3147563234;41.16026;-8.616077;-0.1503789;0.7183821
3147563235;41.16196;-8.614353;-0.1503488;0.7184117
3147570616;41.16149;-8.612852;-0.1503226;0.7184035
3147589758;41.15717;-8.617773;-0.1504085;0.7183281
3147589759;41.15734;-8.61843;-0.15042;0.718331
3147589760;41.1572;-8.618357;-0.1504187;0.7183286
3147589761;41.15702;-8.618207;-0.1504161;0.7183256
3147589762;41.15722;-8.617956;-0.1504117;0.7183289
3148938215;41.15679;-8.616336;-0.1503834;0.7183215
3148938224;41.15675;-8.616161;-0.1503804;0.7183207
3149449339;41.16035;-8.616239;-0.1503817;0.7183837
3149449340;41.16031;-8.615918;-0.1503761;0.7183829
3149449341;41.16034;-8.616162;-0.1503804;0.7183835
3149449342;41.16016;-8.616026;-0.150378;0.7183804
3149449343;41.15995;-8.616055;-0.1503785;0.7183767
3149449344;41.15971;-8.616066;-0.1503787;0.7183725
3149449345;41.15955;-8.616011;-0.1503778;0.7183696
3149449346;41.15946;-8.615869;-0.1503753;0.7183681
3149497574;41.16087;-8.615946;-0.1503766;0.7183926
3149497575;41.16081;-8.615632;-0.1503711;0.7183917
3149497576;41.16086;-8.615898;-0.1503758;0.7183925
3149497578;41.16136;-8.61544;-0.1503678;0.7184012
3149497579;41.16195;-8.615632;-0.1503711;0.7184116
3149497580;41.16188;-8.61525;-0.1503645;0.7184104
3149497581;41.16193;-8.615502;-0.1503689;0.7184111
3149497582;41.16137;-8.61562;-0.1503709;0.7184014
3149497583;41.16116;-8.615697;-0.1503723;0.7183978
3149497584;41.16084;-8.615772;-0.1503736;0.7183921
3149497585;41.16063;-8.615925;-0.1503763;0.7183885
3149497586;41.16033;-8.616075;-0.1503789;0.7183833
3151883335;41.15964;-8.616076;-0.1503789;0.7183713
3151883336;41.15991;-8.615582;-0.1503703;0.718376
3151894353;41.15803;-8.616876;-0.1503928;0.7183431
3151894354;41.15794;-8.616406;-0.1503847;0.7183415
3151894358;41.15773;-8.617006;-0.1503951;0.7183379
3151894359;41.15764;-8.61661;-0.1503882;0.7183363
3151894360;41.15771;-8.616936;-0.1503939;0.7183377
3151895461;41.15736;-8.617078;-0.1503964;0.7183315
3151895462;41.15823;-8.616816;-0.1503918;0.7183467
3151895463;41.15814;-8.616388;-0.1503844;0.7183451
3151895464;41.15815;-8.616358;-0.1503838;0.7183453
3151895465;41.15809;-8.616061;-0.1503786;0.7183442
3151895466;41.158;-8.616088;-0.1503791;0.7183427
3152670753;41.15773;-8.618009;-0.1504126;0.718338
3152793551;41.15905;-8.617318;-0.1504006;0.718361
3152793555;41.15876;-8.617455;-0.1504029;0.7183558
3152794979;41.15895;-8.617383;-0.1504017;0.7183593
3152794980;41.15847;-8.617545;-0.1504045;0.7183508
3152794981;41.15821;-8.617548;-0.1504046;0.7183464
3152794982;41.1582;-8.617427;-0.1504025;0.7183462
3152805766;41.15919;-8.620187;-0.1504506;0.7183633
3152805767;41.15913;-8.62013;-0.1504496;0.7183624
3152805768;41.15923;-8.619925;-0.1504461;0.7183641
3152805769;41.15925;-8.619649;-0.1504413;0.7183645
3152805770;41.15935;-8.619662;-0.1504415;0.7183662
3152805771;41.1594;-8.619612;-0.1504406;0.7183672
3152805772;41.15945;-8.619613;-0.1504406;0.718368
3152805773;41.15947;-8.619242;-0.1504342;0.7183683
3152805774;41.15939;-8.619239;-0.1504341;0.7183669
3152805775;41.15931;-8.619972;-0.1504469;0.7183654
3152805776;41.15932;-8.61991;-0.1504458;0.7183657
3152805777;41.15934;-8.61966;-0.1504415;0.7183659
3152805778;41.15931;-8.619943;-0.1504464;0.7183656
3152805779;41.15947;-8.620005;-0.1504475;0.7183684
3152805780;41.15955;-8.619676;-0.1504417;0.7183696
3152805781;41.15945;-8.620108;-0.1504493;0.7183679
3153341344;41.15813;-8.619781;-0.1504436;0.7183448
3153341345;41.15813;-8.619702;-0.1504422;0.7183449
3153341346;41.15813;-8.619609;-0.1504406;0.7183449
3153341347;41.15812;-8.619009;-0.1504301;0.7183446
3153341348;41.15816;-8.619025;-0.1504304;0.7183454
3153341349;41.15899;-8.619303;-0.1504352;0.7183599
3153341350;41.15902;-8.619322;-0.1504356;0.7183604
3153341351;41.15903;-8.619365;-0.1504363;0.7183607
3153341352;41.15902;-8.619788;-0.1504437;0.7183605
3153341353;41.159;-8.61983;-0.1504444;0.7183601
3153341354;41.15897;-8.619863;-0.150445;0.7183596
3153341355;41.15893;-8.619876;-0.1504452;0.7183588
3153341356;41.15877;-8.619866;-0.150445;0.7183561
3153341357;41.15872;-8.619843;-0.1504447;0.7183551
3153341358;41.15873;-8.619749;-0.150443;0.7183553
3153341359;41.1587;-8.619733;-0.1504427;0.7183549
3153341360;41.15827;-8.619674;-0.1504417;0.7183473
3153342961;41.15811;-8.618527;-0.1504217;0.7183446
3153342962;41.15811;-8.618969;-0.1504294;0.7183446
3153342963;41.15844;-8.61912;-0.150432;0.7183504
3153342964;41.15844;-8.619316;-0.1504354;0.7183503
3153342965;41.15887;-8.619263;-0.1504345;0.7183578
3153342966;41.15887;-8.619471;-0.1504381;0.7183577
3153342968;41.15862;-8.619179;-0.150433;0.7183534
3153361319;41.15809;-8.619656;-0.1504414;0.7183442
3157212422;41.16249;-8.614371;-0.1503491;0.718421
3157212423;41.16247;-8.614124;-0.1503448;0.7184207
3158291752;41.16139;-8.612406;-0.1503148;0.7184018
3158291753;41.1614;-8.612798;-0.1503217;0.7184019
3158291754;41.16134;-8.612859;-0.1503228;0.7184009
3158291755;41.16119;-8.612905;-0.1503235;0.7183983
3158291756;41.16116;-8.612878;-0.1503231;0.7183978
3158291757;41.16085;-8.612881;-0.1503231;0.7183923
3158291758;41.16081;-8.61291;-0.1503236;0.7183917
3158291759;41.16053;-8.612891;-0.1503233;0.7183868
3158291760;41.16047;-8.612843;-0.1503225;0.7183858
3158294361;41.16047;-8.612435;-0.1503154;0.7183856
3158294362;41.16143;-8.612403;-0.1503148;0.7184026
3158294363;41.16151;-8.612945;-0.1503242;0.7184039
3162256068;41.16178;-8.611815;-0.1503045;0.7184086
3162256069;41.16189;-8.611784;-0.150304;0.7184106
3162256070;41.16193;-8.611816;-0.1503046;0.7184111
3162256071;41.16201;-8.612493;-0.1503164;0.7184125
3162256072;41.16196;-8.612535;-0.1503171;0.7184117
3162256073;41.16187;-8.612535;-0.1503171;0.7184101
3162256074;41.16211;-8.612595;-0.1503181;0.7184142
3163927496;41.16319;-8.614867;-0.1503578;0.7184333
3163927497;41.16378;-8.614707;-0.150355;0.7184435
3163927498;41.16375;-8.614496;-0.1503513;0.7184429
3163927499;41.16384;-8.615057;-0.1503611;0.7184445
3163927500;41.16382;-8.614951;-0.1503593;0.7184442
3163927501;41.16339;-8.615067;-0.1503613;0.7184367
3163927502;41.16335;-8.614824;-0.1503571;0.7184359
3396198845;41.15804;-8.616931;-0.1503938;0.7183433
3396198846;41.15813;-8.619653;-0.1504413;0.7183449
3396198945;41.16035;-8.616197;-0.150381;0.7183837
3396198969;41.16135;-8.615731;-0.1503729;0.7184011
3396198979;41.16194;-8.615588;-0.1503704;0.7184114
3652922413;41.16091;-8.618803;-0.1504265;0.7183934
3897692212;41.15816;-8.612222;-0.1503116;0.7183453
3897692232;41.16033;-8.610061;-0.1502739;0.7183833
3897692242;41.16079;-8.609874;-0.1502706;0.7183913
3897692245;41.16127;-8.608611;-0.1502486;0.7183996
3897692246;41.16128;-8.608747;-0.150251;0.7183999
3897692248;41.16136;-8.609622;-0.1502662;0.7184013
3897692254;41.16153;-8.609845;-0.1502701;0.7184042
3897692256;41.16157;-8.609563;-0.1502652;0.7184049
4440811615;41.16328;-8.620685;-0.1504593;0.7184349
4440811616;41.16329;-8.620789;-0.1504611;0.7184349
4440811617;41.16328;-8.620582;-0.1504575;0.7184347
4452315940;41.16583;-8.620431;-0.1504549;0.7184793
4457851537;41.1661;-8.612084;-0.1503092;0.718484
4457851538;41.16571;-8.612939;-0.1503241;0.7184771
4457851539;41.16579;-8.612923;-0.1503239;0.7184787
4457851565;41.16449;-8.620168;-0.1504503;0.718456
4488733053;41.15796;-8.609448;-0.1502632;0.7183419
4488733054;41.15836;-8.609292;-0.1502605;0.7183488
4488733055;41.1587;-8.609365;-0.1502618;0.7183548
4488733056;41.15911;-8.609009;-0.1502555;0.7183621
4488733057;41.16028;-8.608656;-0.1502494;0.7183824
4488733058;41.15684;-8.612635;-0.1503188;0.7183224
4488733059;41.1568;-8.612581;-0.1503179;0.7183216
4488733060;41.1569;-8.612662;-0.1503193;0.7183234
4488733061;41.15735;-8.612468;-0.1503159;0.7183313
4505230740;41.16049;-8.61033;-0.1502786;0.7183861
4505281863;41.16402;-8.621681;-0.1504767;0.7184477
4505281867;41.1641;-8.622417;-0.1504896;0.7184492
4573825411;41.16473;-8.610973;-0.1502898;0.7184601
4573825412;41.164;-8.611012;-0.1502905;0.7184473
4573825413;41.1633;-8.611047;-0.1502911;0.7184351
4573825414;41.16304;-8.611066;-0.1502915;0.7184306
4612031731;41.15702;-8.620809;-0.1504615;0.7183256
4612031732;41.15713;-8.620899;-0.1504631;0.7183274
4612052759;41.16002;-8.621091;-0.1504664;0.7183778
4612052766;41.16063;-8.621166;-0.1504677;0.7183886
4612063033;41.16317;-8.614863;-0.1503577;0.7184328
4612063034;41.16315;-8.614849;-0.1503575;0.7184326
4612063035;41.16313;-8.614708;-0.150355;0.7184322
4612063036;41.16309;-8.6144;-0.1503496;0.7184315
4612063037;41.16313;-8.614352;-0.1503488;0.7184321
4612063038;41.1632;-8.614977;-0.1503597;0.7184333
4612063039;41.16315;-8.614829;-0.1503571;0.7184324
4612063040;41.16307;-8.614256;-0.1503471;0.7184311
4685339984;41.16437;-8.608501;-0.1502467;0.7184538
4685339985;41.16424;-8.608513;-0.1502469;0.7184515
4685339986;41.16417;-8.608519;-0.150247;0.7184502
4685392618;41.15672;-8.613023;-0.1503256;0.7183202
4685392619;41.15784;-8.612269;-0.1503125;0.7183399
4685392620;41.15797;-8.612237;-0.1503119;0.7183422
4685392622;41.15748;-8.612393;-0.1503146;0.7183336
4685392623;41.16119;-8.611471;-0.1502985;0.7183983
4685392624;41.16158;-8.611388;-0.1502971;0.7184051
4703910291;41.16064;-8.620677;-0.1504592;0.7183888
4703910292;41.16061;-8.619877;-0.1504452;0.7183883
4703910293;41.16051;-8.619228;-0.1504339;0.7183864
4703910294;41.1605;-8.619123;-0.1504321;0.7183862
4703910295;41.16047;-8.619187;-0.1504332;0.7183858
4703910296;41.16064;-8.618381;-0.1504191;0.7183887
4703910297;41.1608;-8.617895;-0.1504106;0.7183914
4703910298;41.16087;-8.617902;-0.1504108;0.7183926
4703910299;41.16081;-8.617871;-0.1504102;0.7183917
4703910301;41.16096;-8.617871;-0.1504102;0.7183942
4703910302;41.16097;-8.617866;-0.1504101;0.7183945
4703910303;41.16134;-8.61777;-0.1504085;0.718401
4703910304;41.16133;-8.617822;-0.1504094;0.7184008
4703910306;41.16227;-8.618463;-0.1504205;0.7184172
4703910307;41.16246;-8.618459;-0.1504205;0.7184204
4703910308;41.16211;-8.619395;-0.1504368;0.7184144
4703910309;41.16157;-8.620556;-0.1504571;0.7184049
4703910310;41.16144;-8.620539;-0.1504568;0.7184026
4703910311;41.16145;-8.62057;-0.1504573;0.7184029
4703910312;41.16149;-8.620641;-0.1504586;0.7184035
4703910362;41.16157;-8.620654;-0.1504588;0.7184049
4703910363;41.16174;-8.620649;-0.1504587;0.7184079
4703910364;41.1619;-8.620605;-0.1504579;0.7184106
4703910365;41.16211;-8.620534;-0.1504567;0.7184142
4737122503;41.15887;-8.621945;-0.1504813;0.7183578
4737122504;41.15886;-8.621826;-0.1504793;0.7183577
4749945209;41.16331;-8.624375;-0.1505238;0.7184353
4749945321;41.15895;-8.622388;-0.1504891;0.7183591
4749945322;41.1593;-8.623122;-0.1505019;0.7183653
4749945324;41.15904;-8.62265;-0.1504936;0.7183607
4749945325;41.15915;-8.622895;-0.1504979;0.7183627
4749945326;41.15888;-8.621509;-0.1504737;0.7183579
4749945327;41.15894;-8.621155;-0.1504675;0.718359
4749945328;41.1591;-8.620665;-0.150459;0.7183618
4749945329;41.16113;-8.6193;-0.1504352;0.7183973
4749945330;41.16143;-8.619881;-0.1504453;0.7184024
4749945331;41.16145;-8.620056;-0.1504484;0.7184028
4749945332;41.16119;-8.618502;-0.1504212;0.7183982
4749945333;41.15948;-8.617871;-0.1504102;0.7183684
4749945336;41.15945;-8.616128;-0.1503798;0.7183679
4749945337;41.15931;-8.615936;-0.1503765;0.7183655
4749945338;41.15867;-8.614169;-0.1503456;0.7183543
4749945339;41.15836;-8.614252;-0.1503471;0.7183488
4749945340;41.15899;-8.611708;-0.1503026;0.7183599
4749945342;41.15815;-8.612227;-0.1503117;0.7183452
4773391847;41.15889;-8.622058;-0.1504833;0.7183581
4773391848;41.15892;-8.622262;-0.1504869;0.7183587
4773391849;41.1592;-8.620392;-0.1504542;0.7183635
4773391850;41.15915;-8.620208;-0.150451;0.7183627
5056483298;41.16187;-8.604437;-0.1501758;0.7184102
5284320721;41.16186;-8.604319;-0.1501737;0.71841
5284395779;41.16066;-8.618361;-0.1504188;0.718389
5284395780;41.16067;-8.618342;-0.1504184;0.7183892
5284395781;41.16076;-8.61801;-0.1504126;0.7183907
5284395782;41.16079;-8.617916;-0.150411;0.7183912
5284395783;41.16058;-8.618599;-0.1504229;0.7183875
5284395784;41.16072;-8.618728;-0.1504252;0.7183901
5284395785;41.16074;-8.618731;-0.1504252;0.7183905
5284395786;41.16081;-8.619123;-0.1504321;0.7183917
5284395787;41.16081;-8.619163;-0.1504328;0.7183917
5284395788;41.16081;-8.619081;-0.1504313;0.7183917
5284395789;41.16093;-8.618762;-0.1504258;0.7183937
5284395790;41.16097;-8.618668;-0.1504241;0.7183945
5284395791;41.16075;-8.616804;-0.1503916;0.7183906
5284395792;41.16025;-8.617229;-0.150399;0.7183818
5284395793;41.15923;-8.617117;-0.1503971;0.718364
5284395794;41.15919;-8.617112;-0.150397;0.7183635
5284395795;41.15952;-8.617899;-0.1504107;0.7183691
5284395796;41.15944;-8.617841;-0.1504097;0.7183678
5284395797;41.15938;-8.617772;-0.1504085;0.7183667
5284395798;41.15959;-8.617933;-0.1504113;0.7183704
5284395799;41.15997;-8.618065;-0.1504136;0.7183769
5284395800;41.15988;-8.61799;-0.1504123;0.7183754
5284395801;41.1599;-8.617997;-0.1504124;0.7183758
5284395802;41.16008;-8.618286;-0.1504175;0.718379
5284395803;41.16011;-8.61835;-0.1504186;0.7183794
5284395804;41.16016;-8.618595;-0.1504229;0.7183804
5284395805;41.16018;-8.618646;-0.1504238;0.7183806
5284395806;41.16048;-8.619222;-0.1504338;0.718386
5284395807;41.16063;-8.620501;-0.1504561;0.7183886
5284452292;41.15852;-8.619866;-0.150445;0.7183517
5284452293;41.1584;-8.619834;-0.1504445;0.7183496
5284452294;41.15782;-8.619719;-0.1504425;0.7183395
5284452295;41.15729;-8.619572;-0.1504399;0.7183303
5284452296;41.15686;-8.619462;-0.150438;0.7183226
5284452297;41.15665;-8.619405;-0.150437;0.7183191
5284452302;41.15695;-8.618032;-0.150413;0.7183243
5284452309;41.15751;-8.614817;-0.1503569;0.7183341
5284452310;41.15707;-8.615434;-0.1503677;0.7183264
5284452312;41.15726;-8.614926;-0.1503588;0.7183297
5291538824;41.15771;-8.612429;-0.1503152;0.7183376
5291538825;41.15752;-8.612535;-0.1503171;0.7183343
5291538826;41.15667;-8.613047;-0.150326;0.7183195
5291538839;41.15683;-8.611881;-0.1503057;0.7183221
5291538840;41.15672;-8.611838;-0.1503049;0.7183202
5291538841;41.15678;-8.611805;-0.1503043;0.7183213
5291538842;41.15682;-8.611776;-0.1503039;0.718322
5291538843;41.15687;-8.611703;-0.1503026;0.7183229
5291538844;41.15693;-8.611574;-0.1503003;0.718324
5291538845;41.157;-8.611439;-0.150298;0.7183251
5291538846;41.15704;-8.611338;-0.1502962;0.7183259
5291538847;41.15705;-8.611244;-0.1502946;0.7183261
5291538848;41.1571;-8.611051;-0.1502912;0.718327
5291538849;41.15685;-8.611744;-0.1503033;0.7183225
5291538850;41.15704;-8.611451;-0.1502982;0.7183258
5291538851;41.1571;-8.611311;-0.1502957;0.7183269
5291538852;41.15712;-8.611333;-0.1502961;0.7183272
5291538853;41.15714;-8.611343;-0.1502963;0.7183276
5291538854;41.15709;-8.611284;-0.1502953;0.7183268
5291538855;41.15707;-8.611136;-0.1502927;0.7183264
5291538856;41.15706;-8.611413;-0.1502975;0.7183263
5291538857;41.15709;-8.611403;-0.1502973;0.7183266
5291538858;41.15717;-8.611369;-0.1502967;0.7183281
5291538859;41.1568;-8.611794;-0.1503042;0.7183217
5291538860;41.15704;-8.612641;-0.150319;0.7183259
5291538861;41.15678;-8.612543;-0.1503172;0.7183214
5291538862;41.15682;-8.612611;-0.1503184;0.718322
5291538863;41.15687;-8.612651;-0.1503191;0.7183229
5291538864;41.15693;-8.612663;-0.1503193;0.7183239
5291598307;41.16356;-8.608773;-0.1502514;0.7184396
5291598308;41.1604;-8.610016;-0.1502731;0.7183845
5291598309;41.1604;-8.609908;-0.1502713;0.7183845
5291598310;41.1588;-8.609935;-0.1502717;0.7183566
5291598311;41.15805;-8.609983;-0.1502726;0.7183435
5291598312;41.15773;-8.609982;-0.1502725;0.718338
5291598313;41.15736;-8.609963;-0.1502722;0.7183314
5329555461;41.1661;-8.613377;-0.1503318;0.7184839
5329555462;41.16607;-8.613364;-0.1503316;0.7184835
5329555463;41.16611;-8.613398;-0.1503322;0.7184842
5329555464;41.1628;-8.611106;-0.1502921;0.7184265
5494270947;41.1569;-8.620767;-0.1504608;0.7183234
